80 75 1 3622.400000 9208.000000 52087.800000 5585.600000 19.464950 4.086285 
80 75 1 1729.200000 6992.000000 43381.200000 5262.800000 19.464950 4.086285 
14 12 19 2396.400000 12774.600000 32607.200000 10378.200000 19.423154 9.900305 
14 12 2 784.800000 18265.000000 37561.800000 17480.200000 0.000000 2.715724 
14 12 2 292.200000 23138.800000 42594.200000 22846.600000 0.000000 2.715724 
14 12 2 668.600000 19397.800000 38009.000000 18729.200000 0.000000 1.369363 
14 12 2 225.200000 29867.000000 48282.800000 29641.800000 0.000000 1.369363 
14 12 2 252.800000 25218.000000 45175.000000 24965.200000 0.000000 1.369363 
14 12 2 223.600000 31156.200000 50610.200000 30932.600000 0.000000 1.369363 
14 12 2 283.000000 28396.400000 50580.400000 28113.400000 0.000000 0.000000 
14 12 2 217.600000 27103.200000 44761.400000 26885.600000 0.000000 1.369363 
14 12 2 249.000000 23570.600000 43771.000000 23321.600000 0.000000 0.000000 
14 12 2 266.200000 23756.200000 42804.000000 23490.000000 0.000000 0.000000 
14 12 58 8836.000000 4628819.400000 4663466.400000 4619983.400000 0.004533 0.002358 
14 12 19 4131.800000 10903.000000 33250.400000 6771.200000 0.000000 0.000000 
80 75 43 88568.200000 162830.400000 208137.000000 74262.200000 0.000000 0.000000 
14 12 3 848.400000 43123.600000 83770.000000 42275.200000 2.067012 3.511370 
14 12 11 3742.200000 278482.600000 311371.400000 274740.400000 0.001134 3.999109 
14 12 20 3050.000000 399174.400000 421935.800000 396124.400000 13.249307 6.369930 
14 12 3 1060.000000 56151.800000 80891.800000 55091.800000 0.000000 0.000000 
14 12 58 8794.800000 2988100.400000 3023172.000000 2979305.600000 0.000000 0.000000 
14 12 58 9607.200000 84588.800000 103587.000000 74981.600000 0.000000 0.000000 
14 12 58 9025.000000 24441.400000 43667.800000 15416.400000 0.000000 0.000000 
154 147 1500 4099406.800000 8894505.400000 8964385.800000 4795098.600000 0.000394 0.000047 
80 75 65 74909.600000 169786.400000 201446.600000 94876.800000 0.000000 0.000000 
114 108 1500 2837452.200000 6366606.600000 6436691.400000 3529154.400000 0.011506 0.001986 
55 50 44 43100.000000 82074.600000 117185.600000 38974.600000 0.000000 0.000000 
105 98 1500 3510827.800000 5992804.400000 6059097.000000 2481976.600000 0.007025 0.002320 
105 98 1500 3847222.400000 6664438.600000 6713867.600000 2817216.200000 0.006195 0.002091 
105 98 1500 4674774.800000 7595167.200000 7654326.000000 2920392.400000 0.006195 0.002091 
55 50 20 31809.000000 58088.400000 92689.800000 26279.400000 0.000000 0.000000 
78 72 1500 2412765.000000 4172863.000000 4237630.400000 1760098.000000 0.023130 0.010237 
78 72 27 61280.200000 98192.000000 136382.400000 36911.800000 0.000000 0.000000 
78 72 1500 2525002.600000 4372801.400000 4432175.800000 1847798.800000 0.023130 0.010237 
78 72 2 2301.400000 78289.200000 133151.600000 75987.800000 0.000000 0.000202 
78 72 2 4207.800000 111950.800000 165051.800000 107743.000000 0.000000 0.000202 
78 72 2 2365.000000 107682.400000 155690.000000 105317.400000 0.000000 0.000202 
78 72 3 6498.800000 219916.800000 271119.000000 213418.000000 0.000776 0.000724 
78 72 6 11621.800000 533624.000000 581888.000000 522002.200000 0.008840 0.004585 
78 72 6 12834.200000 559707.400000 616872.400000 546873.200000 61.159608 23.331729 
78 72 6 9786.600000 518239.000000 565506.600000 508452.400000 0.008840 0.004585 
78 72 3 7842.400000 272515.200000 317000.000000 264672.800000 247.882691 94.488072 
78 72 6 9762.000000 528244.200000 584274.400000 518482.200000 0.008840 0.004585 
78 72 2 2540.200000 138096.400000 200675.600000 135556.200000 0.000000 0.000202 
78 72 2 3067.600000 125854.000000 173661.400000 122786.400000 0.000000 0.020197 
78 72 2 2294.000000 107578.800000 149665.000000 105284.800000 0.000000 0.000202 
78 72 2 2476.600000 118010.000000 177311.400000 115533.400000 0.000000 0.000202 
114 108 2 2959.400000 229326.200000 308637.800000 226366.800000 0.000000 0.000000 
114 108 6 11352.400000 16261.000000 59843.200000 4908.600000 0.000000 0.000000 
114 108 1500 3200521.600000 4336691.800000 4373993.200000 1136170.200000 0.000000 33211174.048483 
30 27 1500 618077.600000 977730.200000 1009139.400000 359652.600000 0.000000 14326652.310838 
14 12 1500 272145.400000 464080.200000 493923.800000 191934.800000 0.000000 24610803.212483 
14 12 1500 279994.400000 490674.800000 517576.800000 210680.400000 0.000000 24610803.212483 
14 12 1 537.000000 5947.600000 32303.600000 5410.600000 0.000000 0.000000 
14 12 1500 253796.800000 445302.000000 466791.600000 191505.200000 0.000000 411331.079796 
14 12 1500 273189.000000 491384.000000 544511.000000 218195.000000 0.000000 411331.079796 
14 12 1 1448.000000 11629.000000 40030.000000 10181.000000 0.000000 0.000000 
14 12 1 1488.000000 11485.000000 40170.000000 9997.000000 0.000000 0.000000 
14 12 1 1986.000000 13216.000000 43149.000000 11230.000000 0.000000 0.000000 
14 12 1500 301832.000000 509206.000000 537183.000000 207374.000000 0.000001 42740.517096 
14 12 1500 254804.000000 451225.000000 479869.000000 196421.000000 0.000000 24610803.212483 
14 12 1 1445.000000 11544.000000 41215.000000 10099.000000 0.000000 0.000000 
30 27 1 962.000000 11876.000000 41561.000000 10914.000000 0.000000 0.000000 
30 27 1500 617384.000000 997436.000000 1027555.000000 380052.000000 0.000000 14326652.310838 
30 93 71 30203.000000 89552.000000 120650.000000 59349.000000 0.000000 0.000000 
310 1010 921 7818709.000000 14916908.000000 15022993.000000 7098199.000000 0.000000 0.000002 
310 1010 1 7467.000000 38431.000000 126813.000000 30964.000000 549.462095 392920.073726 
310 1010 1 4965.000000 23600.000000 90622.000000 18635.000000 229.130105 157693.232021 
310 1010 1 5177.000000 23481.000000 94557.000000 18304.000000 291.304113 454.695496 
310 1010 1 5315.000000 26582.000000 98741.000000 21267.000000 291.304113 454.695496 
10 16 75 13148.000000 353648.000000 397300.000000 340500.000000 0.000000 0.000000 
210 400 474 4651314.000000 1065743643.000000 1065845609.000000 1061092329.000000 0.000000 0.000000 
210 400 474 3820550.000000 6829651.000000 6926941.000000 3009101.000000 0.000000 0.000000 
210 400 0 7905.000000 21531.000000 68551.000000 13626.000000 291.311547 0.000000 
210 400 0 8261.000000 21082.000000 77555.000000 12821.000000 291.311547 0.000000 
210 400 0 8161.000000 21257.000000 67647.000000 13096.000000 291.311547 0.000000 
10 16 1500 0.000000 0.000000 407671316.000000 0.000000 0.003534 inf 
10 16 1500 0.000000 0.000000 449471541.000000 0.000000 0.000465 1713227424617219227648.000000 
10 16 1 0.000000 0.000000 70298.000000 0.000000 0.000046 inf 
10 16 1 0.000000 0.000000 58598.000000 0.000000 0.000046 1713227424617219227648.000000 
10 16 1 0.000000 0.000000 58325.000000 0.000000 0.000046 1713227424617219227648.000000 
10 16 1 0.000000 0.000000 69122.000000 0.000000 0.000046 1.841755 
10 16 1 0.000000 0.000000 68986.000000 0.000000 0.000046 0.854556 
10 16 1 0.000000 0.000000 59208.000000 0.000000 0.000046 0.854556 
10 16 1 0.000000 0.000000 56104.000000 0.000000 0.000046 0.000102 
10 16 362 0.000000 0.000000 65483603.000000 0.000000 0.000618 0.041441 
10 16 375 0.000000 0.000000 40529071.000000 0.000000 290.663750 499.683296 
10 16 375 0.000000 0.000000 33063259.000000 0.000000 0.000142 0.002507 
10 16 1 0.000000 0.000000 103137.000000 0.000000 0.000046 0.000102 
10 16 2 0.000000 0.000000 106462.000000 0.000000 0.000024 0.000078 
10 16 2 0.000000 0.000000 80964.000000 0.000000 0.000024 0.000078 
10 16 2 0.000000 0.000000 74272.000000 0.000000 0.000024 0.000078 
10 16 2 0.000000 0.000000 75137.000000 0.000000 0.000024 0.000078 
10 16 2 0.000000 0.000000 91684.000000 0.000000 0.000024 0.000078 
10 16 2 0.000000 0.000000 87701.000000 0.000000 0.000024 0.000078 
10 16 375 0.000000 0.000000 148786.000000 0.000000 0.000142 0.002507 
21 36 375 0.000000 0.000000 366149.000000 0.000000 0.000206 0.006897 
21 36 212 0.000000 0.000000 198595.000000 0.000000 0.000316 0.001607 
210 400 598 nan nan 18189594.000000 nan 0.000849 0.012438 
10 16 362 0.000000 0.000000 143537.000000 0.000000 0.000618 0.041441 
10 16 10 0.000000 0.000000 58659.000000 0.000000 0.000024 0.000245 
10 16 10 0.000000 0.000000 31082.000000 0.000000 0.000024 0.000245 
10 16 10 0.000000 0.000000 45683.000000 0.000000 0.000024 0.000245 
10 16 10 0.000000 0.000000 55715.000000 0.000000 0.000024 0.000245 
10 16 374 0.000000 0.000000 144388.000000 0.000000 0.000000 0.000000 
55 100 339 0.000000 0.000000 1222462.000000 0.000000 0.000000 0.000000 
210 400 627 nan nan 19464017.000000 nan 0.000000 0.000000 
10 16 374 0.000000 0.000000 203557.000000 0.000000 0.000000 0.000000 
10 16 374 0.000000 0.000000 156012.000000 0.000000 0.000000 0.000000 
10 16 1500 0.000000 0.000000 632671.000000 0.000000 nan nan 
10 16 1500 0.000000 0.000000 592633.000000 0.000000 562970561111187992015732911813181216818160939317443771463551326099362535178240.000000 41435986901517235350092226812845752010583069995786501848247148042456523033542656.000000 
10 16 374 0.000000 0.000000 162613.000000 0.000000 0.000000 0.000000 
10 16 1500 0.000000 0.000000 474685.000000 0.000000 inf inf 
10 16 1500 0.000000 0.000000 485510.000000 0.000000 inf inf 
10 16 374 0.000000 0.000000 181719.000000 0.000000 0.000000 0.000000 
10 16 1500 0.000000 0.000000 523536.000000 0.000000 inf inf 
10 16 374 0.000000 0.000000 145556.000000 0.000000 0.000000 0.000000 
10 16 374 0.000000 0.000000 167913.000000 0.000000 0.000000 0.000000 
210 400 627 nan nan 10059894.000000 nan 0.000000 0.000000 
210 400 627 1841138.000000 9729893.000000 9828258.000000 7888755.000000 0.000000 0.000000 
210 400 627 5908468.000000 14017830.000000 14102603.000000 8109362.000000 0.000000 0.000000 
210 400 627 1637367.000000 9442628.000000 9533112.000000 7805261.000000 0.000000 0.000000 
