10 16 211 204322.000000 245031.800000 263607.300000 40709.800000 0.000000 0.000000 
14 24 1 2023.000000 5298.300000 25255.700000 3275.300000 0.000000 0.000000 
18 32 220 395854.600000 472004.000000 502134.300000 76149.400000 0.000000 0.000000 
22 40 106 233176.500000 277344.100000 304465.800000 44167.600000 0.000000 0.000000 
15 24 68 104253.200000 127497.900000 152963.500000 23244.700000 0.000079 0.000160 
21 36 79 165546.600000 197194.100000 223457.100000 31647.500000 0.000101 0.000169 
27 48 193 679440.600000 788134.700000 831242.100000 108694.100000 0.024940 0.074261 
33 60 225 833204.300000 966888.900000 1008881.200000 133684.600000 0.000624 0.002130 
20 32 200 429747.500000 507395.000000 542483.900000 77647.500000 0.000000 0.000000 
28 48 198 611762.500000 715433.000000 753052.300000 103670.500000 0.000000 0.000000 
36 64 225 1043703.400000 1210198.900000 1289093.700000 166495.500000 0.000000 0.000000 
44 80 169 1014712.600000 1165319.000000 1284644.200000 150606.400000 0.000000 0.000000 
25 40 385 1071622.300000 1250602.600000 1313380.800000 178980.300000 0.003715 0.016736 
35 60 373 1539599.300000 1783111.000000 1856175.200000 243511.700000 0.026628 0.097260 
45 80 234 1415675.400000 1637600.200000 1742509.800000 221924.800000 0.001197 0.004398 
55 100 311 2310583.200000 2657427.800000 2789970.000000 346844.600000 0.025401 0.120882 
55 100 393 2888939.300000 3328113.700000 3440433.200000 439174.400000 0.003910 0.015682 
105 200 581 11192087.600000 12354980.800000 12782461.900000 1162893.200000 0.007537 0.040264 
155 300 1500 51582941.100000 56096014.800000 56840457.500000 4513073.700000 0.035446 0.400957 
205 400 293 16637554.800000 17907855.200000 19380700.300000 1270300.400000 0.000904 0.003209 
110 200 959 19473417.800000 22132543.300000 22593026.900000 2659125.500000 0.000037 0.000252 
210 400 728 41845087.100000 45799544.900000 47283937.800000 3954457.800000 0.000014 0.000089 
310 600 1500 167417220.900000 179229093.800000 182796226.900000 11811872.900000 0.780442 9.933202 
410 800 1500 272907682.400000 288899163.200000 295923798.000000 15991480.800000 0.065463 0.772662 
165 300 1500 59298121.800000 66819704.600000 67725680.300000 7521582.800000 20.759613 236197.206695 
315 600 1500 177642847.100000 193218785.400000 196902051.200000 15575938.300000 0.727731 13.408565 
465 900 1500 349763387.700000 372628449.700000 382542519.600000 22865062.000000 5.960668 57554.731943 
615 1200 1500 614582514.400000 648024513.700000 665437958.700000 33441999.300000 21.309066 83725.443098 
220 400 1500 95573285.400000 108673813.300000 110510493.100000 13100527.900000 0.861358 472543.036296 
420 800 1500 284696791.600000 310171285.200000 317837806.900000 25474493.600000 17.133258 41458.733387 
620 1200 1500 637450485.000000 683355288.000000 701301407.100000 45904803.000000 28.143314 563443.640817 
820 1600 1500 1084033229.700000 1144389340.100000 1174890465.900000 60356110.400000 7.673782 35020.399758 
