10 16 1 374 141452.000000 273476.000000 326374.000000 132024.000000 0.000000 0.000000 
10 16 1000 374 132306.673000 261402.354000 290923.740000 129095.681000 0.000000 0.000000 
55 100 1 339 906051.000000 2036036.000000 2114060.000000 1129985.000000 0.000000 0.000002 
55 100 1000 339 620976.387000 1427756.065000 1483258.656000 806779.678000 0.000000 0.000000 
105 200 1 386 1595135.000000 3331314.000000 3440337.000000 1736179.000000 0.000000 0.000000 
105 200 1000 386 1502867.300000 3236752.440000 3323304.785000 1733885.140000 0.000000 0.000000 
310 600 1 692 14418938.000000 28777820.000000 32784909.000000 14358882.000000 0.000000 0.000000 
310 600 1 692 13022403.000000 27010467.000000 27395600.000000 13988064.000000 0.000000 0.000000 
310 600 1 692 14106225.000000 29231761.000000 29700437.000000 15125536.000000 0.000000 0.000000 
310 600 1 692 13141137.000000 26545241.000000 26992080.000000 13404104.000000 0.000000 0.000000 
310 600 1 692 13275006.000000 26776787.000000 27131464.000000 13501781.000000 0.000000 0.000000 
310 600 1 692 13633103.000000 27706493.000000 28100232.000000 14073390.000000 0.000000 0.000000 
615 1200 1 474 27828394.000000 51767652.000000 53813571.000000 23939258.000000 0.000000 0.000000 
615 1200 1 474 27978989.000000 52627150.000000 54290143.000000 24648161.000000 0.000000 0.000000 
615 1200 1 474 28527873.000000 54515378.000000 56068265.000000 25987505.000000 0.000000 0.000000 
615 1200 1 474 27021553.000000 50899864.000000 52517843.000000 23878311.000000 0.000000 0.000000 
820 1600 1 508 47701531.000000 94890374.000000 98014456.000000 47188843.000000 0.000000 0.000000 
820 1600 1 508 46321129.000000 93777567.000000 97028108.000000 47456438.000000 0.000000 0.000000 
820 1600 1 508 47965451.000000 94891607.000000 98001588.000000 46926156.000000 0.000000 0.000000 
