10 0 4000  90 10 100 44.909000 89.818000 359272.000000 0.000000 
10 5 4000  55 45 100 295.901750 591.803500 2367214.000000 0.000000 
10 10 4000  45 55 100 341.716125 683.432250 2733729.000000 0.000000 
20 0 4000  380 20 400 313.058250 626.116500 2504466.000000 0.000000 
20 5 4000  295 105 400 1135.260250 2270.520500 9082082.000000 0.000000 
20 10 4000  235 165 400 1431.349000 2862.698000 11450792.000000 0.000000 
20 15 4000  200 200 400 1060.585375 2121.170750 8484683.000000 0.000000 
20 20 4000  190 210 400 976.553000 1953.106000 7812424.000000 0.000000 
30 0 4000  870 30 900 545.752500 1091.505000 4366020.000000 0.000000 
30 5 4000  735 165 900 2166.290000 4332.580000 17330320.000000 0.000000 
30 10 4000  625 275 900 2273.207000 4546.414000 18185656.000000 0.000000 
30 15 4000  540 360 900 2160.810500 4321.621000 17286484.000000 0.000000 
30 20 4000  480 420 900 2156.870375 4313.740750 17254963.000000 0.000000 
30 25 4000  445 455 900 2207.923500 4415.847000 17663388.000000 0.000000 
30 30 4000  435 465 900 2233.182875 4466.365750 17865463.000000 0.000000 
40 0 4000  1560 40 1600 1176.388000 2352.776000 9411104.000000 0.000000 
40 5 4000  1375 225 1600 4167.424625 8334.849250 33339397.000000 0.000000 
40 10 4000  1215 385 1600 4167.691875 8335.383750 33341535.000000 0.000000 
40 15 4000  1080 520 1600 4114.609625 8229.219250 32916877.000000 0.000000 
40 20 4000  970 630 1600 4298.070375 8596.140750 34384563.000000 0.000000 
40 25 4000  885 715 1600 4090.124125 8180.248250 32720993.000000 0.000000 
40 30 4000  825 775 1600 4086.626625 8173.253250 32693013.000000 0.000000 
40 35 4000  790 810 1600 4260.774750 8521.549500 34086198.000000 0.000000 
40 40 4000  780 820 1600 4131.095625 8262.191250 33048765.000000 0.000000 
50 0 4000  2450 50 2500 1802.231125 3604.462250 14417849.000000 0.000000 
50 5 4000  2215 285 2500 6296.527375 12593.054750 50372219.000000 0.000000 
50 10 4000  2005 495 2500 6249.191250 12498.382500 49993530.000000 0.000000 
50 15 4000  1820 680 2500 6761.449375 13522.898750 54091595.000000 0.000000 
50 20 4000  1660 840 2500 6789.719500 13579.439000 54317756.000000 0.000000 
50 25 4000  1525 975 2500 6189.494375 12378.988750 49515955.000000 0.000000 
50 30 4000  1415 1085 2500 6179.506875 12359.013750 49436055.000000 0.000000 
50 35 4000  1330 1170 2500 6272.347625 12544.695250 50178781.000000 0.000000 
50 40 4000  1270 1230 2500 6697.937000 13395.874000 53583496.000000 0.000000 
50 45 4000  1235 1265 2500 6171.331000 12342.662000 49370648.000000 0.000000 
50 50 4000  1225 1275 2500 6365.539750 12731.079500 50924318.000000 0.000000 
60 0 4000  3540 60 3600 2621.043875 5242.087750 20968351.000000 0.000000 
60 5 4000  3255 345 3600 9337.910000 18675.820000 74703280.000000 0.000000 
60 10 4000  2995 605 3600 9253.327500 18506.655000 74026620.000000 0.000000 
60 15 4000  2760 840 3600 8966.400875 17932.801750 71731207.000000 0.000000 
60 20 4000  2550 1050 3600 9220.833125 18441.666250 73766665.000000 0.000000 
60 25 4000  2365 1235 3600 8987.730750 17975.461500 71901846.000000 0.000000 
60 30 4000  2205 1395 3600 9035.145625 18070.291250 72281165.000000 0.000000 
60 35 4000  2070 1530 3600 8935.086250 17870.172500 71480690.000000 0.000000 
60 40 4000  1960 1640 3600 9017.382875 18034.765750 72139063.000000 0.000000 
60 45 4000  1875 1725 3600 9287.746875 18575.493750 74301975.000000 0.000000 
60 50 4000  1815 1785 3600 8953.020625 17906.041250 71624165.000000 0.000000 
60 55 4000  1780 1820 3600 9551.659375 19103.318750 76413275.000000 0.000000 
60 60 4000  1770 1830 3600 9450.008125 18900.016250 75600065.000000 0.000000 
70 0 4000  4830 70 4900 3725.516125 7451.032250 29804129.000000 0.000000 
70 5 4000  4495 405 4900 13087.118125 26174.236250 104696945.000000 0.000000 
70 10 4000  4185 715 4900 12273.139500 24546.279000 98185116.000000 0.000000 
70 15 4000  3900 1000 4900 12500.701750 25001.403500 100005614.000000 0.000000 
70 20 4000  3640 1260 4900 11994.616250 23989.232500 95956930.000000 0.000000 
70 25 4000  3405 1495 4900 12181.779375 24363.558750 97454235.000000 0.000000 
70 30 4000  3195 1705 4900 11946.522875 23893.045750 95572183.000000 0.000000 
70 35 4000  3010 1890 4900 11896.844625 23793.689250 95174757.000000 0.000000 
70 40 4000  2850 2050 4900 11980.880625 23961.761250 95847045.000000 0.000000 
70 45 4000  2715 2185 4900 12268.068625 24536.137250 98144549.000000 0.000000 
70 50 4000  2605 2295 4900 12510.892625 25021.785250 100087141.000000 0.000000 
70 55 4000  2520 2380 4900 11884.795000 23769.590000 95078360.000000 0.000000 
70 60 4000  2460 2440 4900 11955.027250 23910.054500 95640218.000000 0.000000 
70 65 4000  2425 2475 4900 12031.077625 24062.155250 96248621.000000 0.000000 
70 70 4000  2415 2485 4900 11976.238750 23952.477500 95809910.000000 0.000000 
80 0 4000  6320 80 6400 5149.390625 10298.781250 41195125.000000 0.000000 
80 5 4000  5935 465 6400 15481.001875 30962.003750 123848015.000000 0.000000 
80 10 4000  5575 825 6400 17285.439500 34570.879000 138283516.000000 0.000000 
80 15 4000  5240 1160 6400 17030.530625 34061.061250 136244245.000000 0.000000 
80 20 4000  4930 1470 6400 15580.860500 31161.721000 124646884.000000 0.000000 
80 25 4000  4645 1755 6400 15618.123000 31236.246000 124944984.000000 0.000000 
80 30 4000  4385 2015 6400 16021.270875 32042.541750 128170167.000000 0.000000 
80 35 4000  4150 2250 6400 15522.144625 31044.289250 124177157.000000 0.000000 
80 40 4000  3940 2460 6400 15845.584625 31691.169250 126764677.000000 0.000000 
80 45 4000  3755 2645 6400 16054.544875 32109.089750 128436359.000000 0.000000 
80 50 4000  3595 2805 6400 15490.221125 30980.442250 123921769.000000 0.000000 
80 55 4000  3460 2940 6400 15491.726125 30983.452250 123933809.000000 0.000000 
80 60 4000  3350 3050 6400 16278.775000 32557.550000 130230200.000000 0.000000 
80 65 4000  3265 3135 6400 16117.205625 32234.411250 128937645.000000 0.000000 
80 70 4000  3205 3195 6400 15552.028125 31104.056250 124416225.000000 0.000000 
80 75 4000  3170 3230 6400 15579.459500 31158.919000 124635676.000000 0.000000 
80 80 4000  3160 3240 6400 15595.575125 31191.150250 124764601.000000 0.000000 
90 0 4000  8010 90 8100 6040.312875 12080.625750 48322503.000000 0.000000 
90 5 4000  7575 525 8100 19808.945750 39617.891500 158471566.000000 0.000000 
90 10 4000  7165 935 8100 20800.219250 41600.438500 166401754.000000 0.000000 
90 15 4000  6780 1320 8100 19611.611375 39223.222750 156892891.000000 0.000000 
90 20 4000  6420 1680 8100 20404.955125 40809.910250 163239641.000000 0.000000 
90 25 4000  6085 2015 8100 19785.984500 39571.969000 158287876.000000 0.000000 
90 30 4000  5775 2325 8100 19731.081500 39462.163000 157848652.000000 0.000000 
90 35 4000  5490 2610 8100 19842.249750 39684.499500 158737998.000000 0.000000 
90 40 4000  5230 2870 8100 19761.535250 39523.070500 158092282.000000 0.000000 
90 45 4000  4995 3105 8100 20074.591500 40149.183000 160596732.000000 0.000000 
90 50 4000  4785 3315 8100 20025.012750 40050.025500 160200102.000000 0.000000 
90 55 4000  4600 3500 8100 19699.346375 39398.692750 157594771.000000 0.000000 
90 60 4000  4440 3660 8100 19849.623000 39699.246000 158796984.000000 0.000000 
90 65 4000  4305 3795 8100 20483.212125 40966.424250 163865697.000000 0.000000 
90 70 4000  4195 3905 8100 19592.234250 39184.468500 156737874.000000 0.000000 
90 75 4000  4110 3990 8100 19864.091000 39728.182000 158912728.000000 0.000000 
90 80 4000  4050 4050 8100 19771.515000 39543.030000 158172120.000000 0.000000 
90 85 4000  4015 4085 8100 20131.677500 40263.355000 161053420.000000 0.000000 
90 90 4000  4005 4095 8100 19891.161000 39782.322000 159129288.000000 0.000000 
100 0 4000  9900 100 10000 7688.962250 15377.924500 61511698.000000 0.000000 
100 5 4000  9415 585 10000 24591.330250 49182.660500 196730642.000000 0.000000 
100 10 4000  8955 1045 10000 23977.774750 47955.549500 191822198.000000 0.000000 
100 15 4000  8520 1480 10000 24402.178875 48804.357750 195217431.000000 0.000000 
100 20 4000  8110 1890 10000 25631.851125 51263.702250 205054809.000000 0.000000 
100 25 4000  7725 2275 10000 24023.336625 48046.673250 192186693.000000 0.000000 
100 30 4000  7365 2635 10000 24244.827625 48489.655250 193958621.000000 0.000000 
100 35 4000  7030 2970 10000 23960.402750 47920.805500 191683222.000000 0.000000 
100 40 4000  6720 3280 10000 25719.585750 51439.171500 205756686.000000 0.000000 
100 45 4000  6435 3565 10000 25174.649875 50349.299750 201397199.000000 0.000000 
100 50 4000  6175 3825 10000 24202.012375 48404.024750 193616099.000000 0.000000 
100 55 4000  5940 4060 10000 24079.550500 48159.101000 192636404.000000 0.000000 
100 60 4000  5730 4270 10000 24331.345375 48662.690750 194650763.000000 0.000000 
100 65 4000  5545 4455 10000 24202.063750 48404.127500 193616510.000000 0.000000 
100 70 4000  5385 4615 10000 24149.606875 48299.213750 193196855.000000 0.000000 
100 75 4000  5250 4750 10000 24716.555250 49433.110500 197732442.000000 0.000000 
100 80 4000  5140 4860 10000 24810.220875 49620.441750 198481767.000000 0.000000 
100 85 4000  5055 4945 10000 23999.750125 47999.500250 191998001.000000 0.000000 
100 90 4000  4995 5005 10000 23993.530250 47987.060500 191948242.000000 0.000000 
100 95 4000  4960 5040 10000 24736.278250 49472.556500 197890226.000000 0.000000 
100 100 4000  4950 5050 10000 25985.502500 51971.005000 207884020.000000 0.000000 
100 0 4000  9900 100 10000 7318.898500 14637.797000 58551188.000000 0.000000 
100 20 4000  8110 1890 10000 24396.880000 48793.760000 195175040.000000 0.000000 
100 40 4000  6720 3280 10000 24212.351250 48424.702500 193698810.000000 0.000000 
100 60 4000  5730 4270 10000 24141.016250 48282.032500 193128130.000000 0.000000 
100 80 4000  5140 4860 10000 24209.207750 48418.415500 193673662.000000 0.000000 
100 100 4000  4950 5050 10000 24582.348500 49164.697000 196658788.000000 0.000000 
200 0 4000  39800 200 40000 30205.371250 60410.742500 241642970.000000 0.000000 
200 20 4000  36010 3990 40000 96414.246875 192828.493750 771313975.000000 nan 
200 40 4000  32620 7380 40000 97612.726625 195225.453250 780901813.000000 nan 
200 60 4000  29630 10370 40000 97795.948125 195591.896250 782367585.000000 nan 
200 80 4000  27040 12960 40000 96527.720750 193055.441500 772221766.000000 nan 
200 100 4000  24850 15150 40000 95290.639250 190581.278500 762325114.000000 nan 
200 120 4000  23060 16940 40000 96662.363375 193324.726750 773298907.000000 nan 
200 140 4000  21670 18330 40000 96816.956750 193633.913500 774535654.000000 nan 
200 160 4000  20680 19320 40000 95877.250625 191754.501250 767018005.000000 nan 
200 180 4000  20090 19910 40000 98312.414375 196624.828750 786499315.000000 nan 
200 200 4000  19900 20100 40000 97186.689000 194373.378000 777493512.000000 nan 
300 0 4000  89700 300 90000 69366.116375 138732.232750 554928931.000000 0.000000 
300 20 4000  83910 6090 90000 214259.781625 428519.563250 1714078253.000000 nan 
300 40 4000  78520 11480 90000 214167.305875 428334.611750 1713338447.000000 nan 
300 60 4000  73530 16470 90000 214191.310000 428382.620000 1713530480.000000 nan 
300 80 4000  68940 21060 90000 216934.797500 433869.595000 1735478380.000000 nan 
300 100 4000  64750 25250 90000 228217.201875 456434.403750 1825737615.000000 nan 
300 120 4000  60960 29040 90000 212727.757000 425455.514000 1701822056.000000 nan 
300 140 4000  57570 32430 90000 218296.533625 436593.067250 1746372269.000000 nan 
300 160 4000  54580 35420 90000 214257.848750 428515.697500 1714062790.000000 nan 
300 180 4000  51990 38010 90000 213719.510625 427439.021250 1709756085.000000 nan 
300 200 4000  49800 40200 90000 222040.175125 444080.350250 1776321401.000000 nan 
300 220 4000  48010 41990 90000 216005.729000 432011.458000 1728045832.000000 nan 
300 240 4000  46620 43380 90000 215721.260375 431442.520750 1725770083.000000 nan 
300 260 4000  45630 44370 90000 216841.840875 433683.681750 1734734727.000000 nan 
300 280 4000  45040 44960 90000 219492.218625 438984.437250 1755937749.000000 nan 
300 300 4000  44850 45150 90000 217877.361375 435754.722750 1743018891.000000 nan 
400 0 4000  159600 400 160000 122462.087500 244924.175000 979696700.000000 0.000000 
400 20 4000  151810 8190 160000 382327.165500 764654.331000 3058617324.000000 nan 
400 40 4000  144420 15580 160000 385295.312500 770590.625000 3082362500.000000 nan 
400 60 4000  137430 22570 160000 382467.224125 764934.448250 3059737793.000000 nan 
400 80 4000  130840 29160 160000 378661.928125 757323.856250 3029295425.000000 nan 
400 100 4000  124650 35350 160000 391206.136875 782412.273750 3129649095.000000 nan 
400 120 4000  118860 41140 160000 380525.177125 761050.354250 3044201417.000000 nan 
400 140 4000  113470 46530 160000 382799.070000 765598.140000 3062392560.000000 nan 
400 160 4000  108480 51520 160000 384139.946375 768279.892750 3073119571.000000 nan 
400 180 4000  103890 56110 160000 391912.997250 783825.994500 3135303978.000000 nan 
400 200 4000  99700 60300 160000 379529.973625 759059.947250 3036239789.000000 nan 
400 220 4000  95910 64090 160000 389211.414375 778422.828750 3113691315.000000 nan 
400 240 4000  92520 67480 160000 382251.599500 764503.199000 3058012796.000000 nan 
400 260 4000  89530 70470 160000 379374.021625 758748.043250 3034992173.000000 nan 
400 280 4000  86940 73060 160000 387165.522500 774331.045000 3097324180.000000 nan 
400 300 4000  84750 75250 160000 378399.693625 756799.387250 3027197549.000000 nan 
400 320 4000  82960 77040 160000 378114.937750 756229.875500 3024919502.000000 nan 
400 340 4000  81570 78430 160000 388923.290250 777846.580500 3111386322.000000 nan 
400 360 4000  80580 79420 160000 380185.167375 760370.334750 3041481339.000000 nan 
400 380 4000  79990 80010 160000 384894.994125 769789.988250 3079159953.000000 nan 
400 400 4000  79800 80200 160000 379756.085500 759512.171000 3038048684.000000 nan 
500 0 4000  249500 500 250000 191181.571750 382363.143500 1529452574.000000 0.000000 
500 20 4000  239710 10290 250000 595540.242000 1191080.484000 4764321936.000000 nan 
500 40 4000  230320 19680 250000 592814.038625 1185628.077250 4742512309.000000 nan 
500 60 4000  221330 28670 250000 592783.883250 1185567.766500 4742271066.000000 nan 
500 80 4000  212740 37260 250000 595010.991625 1190021.983250 4760087933.000000 nan 
500 100 4000  204550 45450 250000 591721.646500 1183443.293000 4733773172.000000 nan 
500 120 4000  196760 53240 250000 599827.380750 1199654.761500 4798619046.000000 nan 
500 140 4000  189370 60630 250000 597295.722125 1194591.444250 4778365777.000000 nan 
500 160 4000  182380 67620 250000 591040.622625 1182081.245250 4728324981.000000 nan 
500 180 4000  175790 74210 250000 592881.369875 1185762.739750 4743050959.000000 nan 
500 200 4000  169600 80400 250000 597729.911500 1195459.823000 4781839292.000000 nan 
500 220 4000  163810 86190 250000 590771.901125 1181543.802250 4726175209.000000 nan 
500 240 4000  158420 91580 250000 596376.022250 1192752.044500 4771008178.000000 nan 
500 260 4000  153430 96570 250000 594701.184250 1189402.368500 4757609474.000000 nan 
500 280 4000  148840 101160 250000 593089.305500 1186178.611000 4744714444.000000 nan 
500 300 4000  144650 105350 250000 591885.823000 1183771.646000 4735086584.000000 nan 
500 320 4000  140860 109140 250000 588512.551500 1177025.103000 4708100412.000000 nan 
500 340 4000  137470 112530 250000 603560.888625 1207121.777250 4828487109.000000 nan 
500 360 4000  134480 115520 250000 591182.183750 1182364.367500 4729457470.000000 nan 
500 380 4000  131890 118110 250000 592142.945250 1184285.890500 4737143562.000000 nan 
500 400 4000  129700 120300 250000 590361.615750 1180723.231500 4722892926.000000 nan 
500 420 4000  127910 122090 250000 599766.365000 1199532.730000 4798130920.000000 nan 
500 440 4000  126520 123480 250000 592072.925125 1184145.850250 4736583401.000000 nan 
500 460 4000  125530 124470 250000 600457.881500 1200915.763000 4803663052.000000 nan 
500 480 4000  124940 125060 250000 595744.688125 1191489.376250 4765957505.000000 nan 
500 500 4000  124750 125250 250000 604145.546625 1208291.093250 4833164373.000000 nan 
600 0 4000  359400 600 360000 284097.585375 568195.170750 2272780683.000000 0.000000 
600 20 4000  347610 12390 360000 855205.734250 1710411.468500 6841645874.000000 nan 
600 40 4000  336220 23780 360000 853690.948875 1707381.897750 6829527591.000000 nan 
600 60 4000  325230 34770 360000 862247.908625 1724495.817250 6897983269.000000 nan 
600 80 4000  314640 45360 360000 852678.962250 1705357.924500 6821431698.000000 nan 
600 100 4000  304450 55550 360000 849306.364500 1698612.729000 6794450916.000000 nan 
600 120 4000  294660 65340 360000 855448.105125 1710896.210250 6843584841.000000 nan 
600 140 4000  285270 74730 360000 849302.739750 1698605.479500 6794421918.000000 nan 
600 160 4000  276280 83720 360000 852051.133125 1704102.266250 6816409065.000000 nan 
600 180 4000  267690 92310 360000 855438.460250 1710876.920500 6843507682.000000 nan 
600 200 4000  259500 100500 360000 852742.739750 1705485.479500 6821941918.000000 nan 
600 220 4000  251710 108290 360000 858240.325125 1716480.650250 6865922601.000000 nan 
600 240 4000  244320 115680 360000 855819.485500 1711638.971000 6846555884.000000 nan 
600 260 4000  237330 122670 360000 850797.995500 1701595.991000 6806383964.000000 nan 
600 280 4000  230740 129260 360000 857570.956375 1715141.912750 6860567651.000000 nan 
600 300 4000  224550 135450 360000 847666.162750 1695332.325500 6781329302.000000 nan 
600 320 4000  218760 141240 360000 851886.759750 1703773.519500 6815094078.000000 nan 
600 340 4000  213370 146630 360000 860838.682625 1721677.365250 6886709461.000000 nan 
600 360 4000  208380 151620 360000 859744.499500 1719488.999000 6877955996.000000 nan 
600 380 4000  203790 156210 360000 850502.549875 1701005.099750 6804020399.000000 nan 
600 400 4000  199600 160400 360000 861274.417000 1722548.834000 6890195336.000000 nan 
600 420 4000  195810 164190 360000 858996.441875 1717992.883750 6871971535.000000 nan 
600 440 4000  192420 167580 360000 855893.451750 1711786.903500 6847147614.000000 nan 
600 460 4000  189430 170570 360000 860846.500000 1721693.000000 6886772000.000000 nan 
600 480 4000  186840 173160 360000 855208.294375 1710416.588750 6841666355.000000 nan 
600 500 4000  184650 175350 360000 863641.344125 1727282.688250 6909130753.000000 nan 
600 520 4000  182860 177140 360000 849869.017500 1699738.035000 6798952140.000000 nan 
600 540 4000  181470 178530 360000 853368.483750 1706736.967500 6826947870.000000 nan 
600 560 4000  180480 179520 360000 861814.118625 1723628.237250 6894512949.000000 nan 
600 580 4000  179890 180110 360000 855616.877625 1711233.755250 6844935021.000000 nan 
600 600 4000  179700 180300 360000 850896.429000 1701792.858000 6807171432.000000 nan 
700 0 4000  489300 700 490000 397037.417875 794074.835750 3176299343.000000 0.000000 
700 20 4000  475510 14490 490000 1159537.120125 2319074.240250 9276296961.000000 nan 
700 40 4000  462120 27880 490000 1156779.460875 2313558.921750 9254235687.000000 nan 
700 60 4000  449130 40870 490000 1167850.268375 2335700.536750 9342802147.000000 nan 
700 80 4000  436540 53460 490000 1154682.661375 2309365.322750 9237461291.000000 nan 
700 100 4000  424350 65650 490000 1163675.555125 2327351.110250 9309404441.000000 nan 
700 120 4000  412560 77440 490000 1153841.932125 2307683.864250 9230735457.000000 nan 
700 140 4000  401170 88830 490000 1166244.844125 2332489.688250 9329958753.000000 nan 
700 160 4000  390180 99820 490000 1164418.117750 2328836.235500 9315344942.000000 nan 
700 180 4000  379590 110410 490000 1164477.292750 2328954.585500 9315818342.000000 nan 
700 200 4000  369400 120600 490000 1160983.143875 2321966.287750 9287865151.000000 nan 
700 220 4000  359610 130390 490000 1175638.745750 2351277.491500 9405109966.000000 nan 
700 240 4000  350220 139780 490000 1166355.323250 2332710.646500 9330842586.000000 nan 
700 260 4000  341230 148770 490000 1160372.056625 2320744.113250 9282976453.000000 nan 
700 280 4000  332640 157360 490000 1156352.802250 2312705.604500 9250822418.000000 nan 
700 300 4000  324450 165550 490000 1160436.148625 2320872.297250 9283489189.000000 nan 
700 320 4000  316660 173340 490000 1160212.622750 2320425.245500 9281700982.000000 nan 
700 340 4000  309270 180730 490000 1155966.614375 2311933.228750 9247732915.000000 nan 
700 360 4000  302280 187720 490000 1176107.428000 2352214.856000 9408859424.000000 nan 
700 380 4000  295690 194310 490000 1165752.215250 2331504.430500 9326017722.000000 nan 
700 400 4000  289500 200500 490000 1165239.646875 2330479.293750 9321917175.000000 nan 
700 420 4000  283710 206290 490000 1159372.497750 2318744.995500 9274979982.000000 nan 
700 440 4000  278320 211680 490000 1170923.694375 2341847.388750 9367389555.000000 nan 
700 460 4000  273330 216670 490000 1162908.715500 2325817.431000 9303269724.000000 nan 
700 480 4000  268740 221260 490000 1170640.663625 2341281.327250 9365125309.000000 nan 
700 500 4000  264550 225450 490000 1153392.900375 2306785.800750 9227143203.000000 nan 
700 520 4000  260760 229240 490000 1164073.194750 2328146.389500 9312585558.000000 nan 
700 540 4000  257370 232630 490000 1160494.157625 2320988.315250 9283953261.000000 nan 
700 560 4000  254380 235620 490000 1169579.413000 2339158.826000 9356635304.000000 nan 
700 580 4000  251790 238210 490000 1156495.128500 2312990.257000 9251961028.000000 nan 
700 600 4000  249600 240400 490000 1168623.950125 2337247.900250 9348991601.000000 nan 
700 620 4000  247810 242190 490000 1170725.848875 2341451.697750 9365806791.000000 nan 
700 640 4000  246420 243580 490000 1163053.007875 2326106.015750 9304424063.000000 nan 
700 660 4000  245430 244570 490000 1161927.224375 2323854.448750 9295417795.000000 nan 
700 680 4000  244840 245160 490000 1161814.698500 2323629.397000 9294517588.000000 nan 
700 700 4000  244650 245350 490000 1156800.292125 2313600.584250 9254402337.000000 nan 
800 0 4000  639200 800 640000 501540.506375 1003081.012750 4012324051.000000 0.000000 
800 20 4000  623410 16590 640000 1540301.383125 3080602.766250 12322411065.000000 nan 
800 40 4000  608020 31980 640000 1516371.592000 3032743.184000 12130972736.000000 nan 
800 60 4000  593030 46970 640000 1523803.753125 3047607.506250 12190430025.000000 nan 
800 80 4000  578440 61560 640000 1525792.143750 3051584.287500 12206337150.000000 nan 
800 100 4000  564250 75750 640000 1516167.874000 3032335.748000 12129342992.000000 nan 
800 120 4000  550460 89540 640000 1532816.923625 3065633.847250 12262535389.000000 nan 
800 140 4000  537070 102930 640000 1518679.426125 3037358.852250 12149435409.000000 nan 
800 160 4000  524080 115920 640000 1517104.952125 3034209.904250 12136839617.000000 nan 
800 180 4000  511490 128510 640000 1531983.492875 3063966.985750 12255867943.000000 nan 
800 200 4000  499300 140700 640000 1518999.901250 3037999.802500 12151999210.000000 nan 
800 220 4000  487510 152490 640000 1536534.513375 3073069.026750 12292276107.000000 nan 
800 240 4000  476120 163880 640000 1521217.221750 3042434.443500 12169737774.000000 nan 
800 260 4000  465130 174870 640000 1513412.657375 3026825.314750 12107301259.000000 nan 
800 280 4000  454540 185460 640000 1522338.154125 3044676.308250 12178705233.000000 nan 
800 300 4000  444350 195650 640000 1513028.974500 3026057.949000 12104231796.000000 nan 
800 320 4000  434560 205440 640000 1524988.465125 3049976.930250 12199907721.000000 nan 
800 340 4000  425170 214830 640000 1524927.663625 3049855.327250 12199421309.000000 nan 
800 360 4000  416180 223820 640000 1505539.290750 3011078.581500 12044314326.000000 nan 
800 380 4000  407590 232410 640000 1523962.368875 3047924.737750 12191698951.000000 nan 
800 400 4000  399400 240600 640000 1509331.286000 3018662.572000 12074650288.000000 nan 
800 420 4000  391610 248390 640000 1521079.823375 3042159.646750 12168638587.000000 nan 
800 440 4000  384220 255780 640000 1513911.814875 3027823.629750 12111294519.000000 nan 
800 460 4000  377230 262770 640000 1516366.789000 3032733.578000 12130934312.000000 nan 
800 480 4000  370640 269360 640000 1517537.056375 3035074.112750 12140296451.000000 nan 
800 500 4000  364450 275550 640000 1512273.968000 3024547.936000 12098191744.000000 nan 
800 520 4000  358660 281340 640000 1524268.570500 3048537.141000 12194148564.000000 nan 
800 540 4000  353270 286730 640000 1518207.112250 3036414.224500 12145656898.000000 nan 
800 560 4000  348280 291720 640000 1517128.590875 3034257.181750 12137028727.000000 nan 
800 580 4000  343690 296310 640000 1514332.385000 3028664.770000 12114659080.000000 nan 
800 600 4000  339500 300500 640000 1524332.553000 3048665.106000 12194660424.000000 nan 
800 620 4000  335710 304290 640000 1510081.396750 3020162.793500 12080651174.000000 nan 
800 640 4000  332320 307680 640000 1510216.464750 3020432.929500 12081731718.000000 nan 
800 660 4000  329330 310670 640000 1519617.991750 3039235.983500 12156943934.000000 nan 
800 680 4000  326740 313260 640000 1522261.150750 3044522.301500 12178089206.000000 nan 
800 700 4000  324550 315450 640000 1520445.355875 3040890.711750 12163562847.000000 nan 
800 720 4000  322760 317240 640000 1510632.007500 3021264.015000 12085056060.000000 nan 
800 740 4000  321370 318630 640000 1520219.425500 3040438.851000 12161755404.000000 nan 
800 760 4000  320380 319620 640000 1515852.884625 3031705.769250 12126823077.000000 nan 
800 780 4000  319790 320210 640000 1521016.321875 3042032.643750 12168130575.000000 nan 
800 800 4000  319600 320400 640000 1511036.178375 3022072.356750 12088289427.000000 nan 
900 0 4000  809100 900 810000 631529.109000 1263058.218000 5052232872.000000 0.000000 
900 20 4000  791310 18690 810000 1939389.449750 3878778.899500 15515115598.000000 nan 
900 40 4000  773920 36080 810000 1924619.111500 3849238.223000 15396952892.000000 nan 
900 60 4000  756930 53070 810000 1921680.794125 3843361.588250 15373446353.000000 nan 
900 80 4000  740340 69660 810000 1909262.683625 3818525.367250 15274101469.000000 nan 
900 100 4000  724150 85850 810000 1934900.551000 3869801.102000 15479204408.000000 nan 
900 120 4000  708360 101640 810000 1918269.048375 3836538.096750 15346152387.000000 nan 
900 140 4000  692970 117030 810000 1936772.760250 3873545.520500 15494182082.000000 nan 
900 160 4000  677980 132020 810000 1914124.521500 3828249.043000 15312996172.000000 nan 
900 180 4000  663390 146610 810000 1928851.744125 3857703.488250 15430813953.000000 nan 
900 200 4000  649200 160800 810000 1942410.439000 3884820.878000 15539283512.000000 nan 
900 220 4000  635410 174590 810000 1921633.364000 3843266.728000 15373066912.000000 nan 
900 240 4000  622020 187980 810000 1925537.043750 3851074.087500 15404296350.000000 nan 
900 260 4000  609030 200970 810000 1923492.814875 3846985.629750 15387942519.000000 nan 
900 280 4000  596440 213560 810000 1915790.508375 3831581.016750 15326324067.000000 nan 
900 300 4000  584250 225750 810000 1924946.845125 3849893.690250 15399574761.000000 nan 
900 320 4000  572460 237540 810000 1937716.776500 3875433.553000 15501734212.000000 nan 
900 340 4000  561070 248930 810000 1917878.353250 3835756.706500 15343026826.000000 nan 
900 360 4000  550080 259920 810000 1923986.788250 3847973.576500 15391894306.000000 nan 
900 380 4000  539490 270510 810000 1929393.474000 3858786.948000 15435147792.000000 nan 
900 400 4000  529300 280700 810000 1914013.414875 3828026.829750 15312107319.000000 nan 
900 420 4000  519510 290490 810000 1946888.733500 3893777.467000 15575109868.000000 nan 
900 440 4000  510120 299880 810000 1928669.094375 3857338.188750 15429352755.000000 nan 
900 460 4000  501130 308870 810000 1939469.177875 3878938.355750 15515753423.000000 nan 
900 480 4000  492540 317460 810000 1914926.477500 3829852.955000 15319411820.000000 nan 
900 500 4000  484350 325650 810000 1915497.648875 3830995.297750 15323981191.000000 nan 
900 520 4000  476560 333440 810000 1938322.679875 3876645.359750 15506581439.000000 nan 
900 540 4000  469170 340830 810000 1923807.638500 3847615.277000 15390461108.000000 nan 
900 560 4000  462180 347820 810000 1916551.780500 3833103.561000 15332414244.000000 nan 
900 580 4000  455590 354410 810000 1909990.062500 3819980.125000 15279920500.000000 nan 
900 600 4000  449400 360600 810000 1926487.425000 3852974.850000 15411899400.000000 nan 
900 620 4000  443610 366390 810000 1927768.752250 3855537.504500 15422150018.000000 nan 
900 640 4000  438220 371780 810000 1925602.523125 3851205.046250 15404820185.000000 nan 
900 660 4000  433230 376770 810000 1928218.470625 3856436.941250 15425747765.000000 nan 
900 680 4000  428640 381360 810000 1912308.116875 3824616.233750 15298464935.000000 nan 
900 700 4000  424450 385550 810000 1933578.099500 3867156.199000 15468624796.000000 nan 
900 720 4000  420660 389340 810000 1927153.601875 3854307.203750 15417228815.000000 nan 
900 740 4000  417270 392730 810000 1922111.082250 3844222.164500 15376888658.000000 nan 
900 760 4000  414280 395720 810000 1950849.318500 3901698.637000 15606794548.000000 nan 
900 780 4000  411690 398310 810000 1928527.087375 3857054.174750 15428216699.000000 nan 
900 800 4000  409500 400500 810000 1931911.348250 3863822.696500 15455290786.000000 nan 
900 820 4000  407710 402290 810000 1927774.735375 3855549.470750 15422197883.000000 nan 
900 840 4000  406320 403680 810000 1924639.502500 3849279.005000 15397116020.000000 nan 
900 860 4000  405330 404670 810000 1908410.288375 3816820.576750 15267282307.000000 nan 
900 880 4000  404740 405260 810000 1920043.096750 3840086.193500 15360344774.000000 nan 
900 900 4000  404550 405450 810000 1929575.338625 3859150.677250 15436602709.000000 nan 
1000 0 4000  999000 1000 1000000 774237.356375 1548474.712750 6193898851.000000 0.000000 
1000 20 4000  979210 20790 1000000 2367946.307500 4735892.615000 18943570460.000000 nan 
1000 40 4000  959820 40180 1000000 2380375.421875 4760750.843750 19043003375.000000 nan 
1000 60 4000  940830 59170 1000000 2360130.292875 4720260.585750 18881042343.000000 nan 
1000 80 4000  922240 77760 1000000 2366558.238625 4733116.477250 18932465909.000000 nan 
1000 100 4000  904050 95950 1000000 2375167.451250 4750334.902500 19001339610.000000 nan 
1000 120 4000  886260 113740 1000000 2376061.885875 4752123.771750 19008495087.000000 nan 
1000 140 4000  868870 131130 1000000 2358847.841500 4717695.683000 18870782732.000000 nan 
1000 160 4000  851880 148120 1000000 2377283.743875 4754567.487750 19018269951.000000 nan 
1000 180 4000  835290 164710 1000000 2416328.842125 4832657.684250 19330630737.000000 nan 
1000 200 4000  819100 180900 1000000 2390437.155875 4780874.311750 19123497247.000000 nan 
1000 220 4000  803310 196690 1000000 2381210.591625 4762421.183250 19049684733.000000 nan 
1000 240 4000  787920 212080 1000000 2389442.273500 4778884.547000 19115538188.000000 nan 
1000 260 4000  772930 227070 1000000 2385902.734250 4771805.468500 19087221874.000000 nan 
1000 280 4000  758340 241660 1000000 2388616.112750 4777232.225500 19108928902.000000 nan 
1000 300 4000  744150 255850 1000000 2382948.212375 4765896.424750 19063585699.000000 nan 
1000 320 4000  730360 269640 1000000 2376631.326375 4753262.652750 19013050611.000000 nan 
1000 340 4000  716970 283030 1000000 2387379.327125 4774758.654250 19099034617.000000 nan 
1000 360 4000  703980 296020 1000000 2364826.582625 4729653.165250 18918612661.000000 nan 
1000 380 4000  691390 308610 1000000 2373899.153125 4747798.306250 18991193225.000000 nan 
1000 400 4000  679200 320800 1000000 2369624.199125 4739248.398250 18956993593.000000 nan 
1000 420 4000  667410 332590 1000000 2394166.627625 4788333.255250 19153333021.000000 nan 
1000 440 4000  656020 343980 1000000 2372447.050500 4744894.101000 18979576404.000000 nan 
1000 460 4000  645030 354970 1000000 2390737.507250 4781475.014500 19125900058.000000 nan 
1000 480 4000  634440 365560 1000000 2384434.535625 4768869.071250 19075476285.000000 nan 
1000 500 4000  624250 375750 1000000 2380382.794750 4760765.589500 19043062358.000000 nan 
1000 520 4000  614460 385540 1000000 2369740.658500 4739481.317000 18957925268.000000 nan 
1000 540 4000  605070 394930 1000000 2381144.630875 4762289.261750 19049157047.000000 nan 
1000 560 4000  596080 403920 1000000 2376941.362625 4753882.725250 19015530901.000000 nan 
1000 580 4000  587490 412510 1000000 2371038.646625 4742077.293250 18968309173.000000 nan 
1000 600 4000  579300 420700 1000000 2389087.966375 4778175.932750 19112703731.000000 nan 
1000 620 4000  571510 428490 1000000 2369185.435125 4738370.870250 18953483481.000000 nan 
1000 640 4000  564120 435880 1000000 2387705.523250 4775411.046500 19101644186.000000 nan 
1000 660 4000  557130 442870 1000000 2376175.251875 4752350.503750 19009402015.000000 nan 
1000 680 4000  550540 449460 1000000 2379835.987250 4759671.974500 19038687898.000000 nan 
1000 700 4000  544350 455650 1000000 2379104.613875 4758209.227750 19032836911.000000 nan 
1000 720 4000  538560 461440 1000000 2389244.681000 4778489.362000 19113957448.000000 nan 
1000 740 4000  533170 466830 1000000 2373077.454875 4746154.909750 18984619639.000000 nan 
1000 760 4000  528180 471820 1000000 2369896.281500 4739792.563000 18959170252.000000 nan 
1000 780 4000  523590 476410 1000000 2371693.188125 4743386.376250 18973545505.000000 nan 
1000 800 4000  519400 480600 1000000 2373463.326500 4746926.653000 18987706612.000000 nan 
1000 820 4000  515610 484390 1000000 2383652.205250 4767304.410500 19069217642.000000 nan 
1000 840 4000  512220 487780 1000000 2373833.262000 4747666.524000 18990666096.000000 nan 
1000 860 4000  509230 490770 1000000 2374091.887625 4748183.775250 18992735101.000000 nan 
1000 880 4000  506640 493360 1000000 2359379.268625 4718758.537250 18875034149.000000 nan 
1000 900 4000  504450 495550 1000000 2381248.107000 4762496.214000 19049984856.000000 nan 
1000 920 4000  502660 497340 1000000 2377975.240750 4755950.481500 19023801926.000000 nan 
1000 940 4000  501270 498730 1000000 2369737.417000 4739474.834000 18957899336.000000 nan 
1000 960 4000  500280 499720 1000000 2360340.026125 4720680.052250 18882720209.000000 nan 
1000 980 4000  499690 500310 1000000 2375592.808125 4751185.616250 19004742465.000000 nan 
1000 1000 4000  499500 500500 1000000 2384151.130500 4768302.261000 19073209044.000000 nan 
