10 0 4000  90 10 100 44.586625 89.173250 356693.000000 0.000000 
10 5 4000  55 45 100 56.221500 112.443000 449772.000000 0.000000 
10 10 4000  45 55 100 53.750750 107.501500 430006.000000 0.000000 
20 0 4000  380 20 400 88.845500 177.691000 710764.000000 0.000000 
20 5 4000  295 105 400 90.289750 180.579500 722318.000000 0.000000 
20 10 4000  235 165 400 107.040125 214.080250 856321.000000 0.000000 
20 15 4000  200 200 400 101.596750 203.193500 812774.000000 0.000000 
20 20 4000  190 210 400 115.571625 231.143250 924573.000000 0.000000 
30 0 4000  870 30 900 213.325875 426.651750 1706607.000000 0.000000 
30 5 4000  735 165 900 214.436375 428.872750 1715491.000000 0.000000 
30 10 4000  625 275 900 205.837125 411.674250 1646697.000000 0.000000 
30 15 4000  540 360 900 219.992625 439.985250 1759941.000000 0.000000 
30 20 4000  480 420 900 209.226750 418.453500 1673814.000000 0.000000 
30 25 4000  445 455 900 229.359125 458.718250 1834873.000000 0.000000 
30 30 4000  435 465 900 259.303500 518.607000 2074428.000000 0.000000 
40 0 4000  1560 40 1600 212.981625 425.963250 1703853.000000 0.000000 
40 5 4000  1375 225 1600 213.985875 427.971750 1711887.000000 0.000000 
40 10 4000  1215 385 1600 256.653750 513.307500 2053230.000000 0.000000 
40 15 4000  1080 520 1600 228.876250 457.752500 1831010.000000 0.000000 
40 20 4000  970 630 1600 246.771000 493.542000 1974168.000000 0.000000 
40 25 4000  885 715 1600 251.976875 503.953750 2015815.000000 0.000000 
40 30 4000  825 775 1600 239.130125 478.260250 1913041.000000 0.000000 
40 35 4000  790 810 1600 241.996500 483.993000 1935972.000000 0.000000 
40 40 4000  780 820 1600 248.061375 496.122750 1984491.000000 0.000000 
50 0 4000  2450 50 2500 491.890875 983.781750 3935127.000000 0.000000 
50 5 4000  2215 285 2500 447.379625 894.759250 3579037.000000 0.000000 
50 10 4000  2005 495 2500 452.971875 905.943750 3623775.000000 0.000000 
50 15 4000  1820 680 2500 471.259750 942.519500 3770078.000000 0.000000 
50 20 4000  1660 840 2500 505.535125 1011.070250 4044281.000000 0.000000 
50 25 4000  1525 975 2500 468.853625 937.707250 3750829.000000 0.000000 
50 30 4000  1415 1085 2500 476.102000 952.204000 3808816.000000 0.000000 
50 35 4000  1330 1170 2500 472.057625 944.115250 3776461.000000 0.000000 
50 40 4000  1270 1230 2500 489.025875 978.051750 3912207.000000 0.000000 
50 45 4000  1235 1265 2500 561.569000 1123.138000 4492552.000000 0.000000 
50 50 4000  1225 1275 2500 516.112125 1032.224250 4128897.000000 0.000000 
60 0 4000  3540 60 3600 413.296500 826.593000 3306372.000000 0.000000 
60 5 4000  3255 345 3600 407.672125 815.344250 3261377.000000 0.000000 
60 10 4000  2995 605 3600 421.313500 842.627000 3370508.000000 0.000000 
60 15 4000  2760 840 3600 428.778500 857.557000 3430228.000000 0.000000 
60 20 4000  2550 1050 3600 434.791375 869.582750 3478331.000000 0.000000 
60 25 4000  2365 1235 3600 494.283875 988.567750 3954271.000000 0.000000 
60 30 4000  2205 1395 3600 479.514000 959.028000 3836112.000000 0.000000 
60 35 4000  2070 1530 3600 471.067750 942.135500 3768542.000000 0.000000 
60 40 4000  1960 1640 3600 476.808125 953.616250 3814465.000000 0.000000 
60 45 4000  1875 1725 3600 449.724875 899.449750 3597799.000000 0.000000 
60 50 4000  1815 1785 3600 462.909250 925.818500 3703274.000000 0.000000 
60 55 4000  1780 1820 3600 451.501625 903.003250 3612013.000000 0.000000 
60 60 4000  1770 1830 3600 457.186625 914.373250 3657493.000000 0.000000 
70 0 4000  4830 70 4900 853.803750 1707.607500 6830430.000000 0.000000 
70 5 4000  4495 405 4900 927.851875 1855.703750 7422815.000000 0.000000 
70 10 4000  4185 715 4900 932.970250 1865.940500 7463762.000000 0.000000 
70 15 4000  3900 1000 4900 936.019875 1872.039750 7488159.000000 0.000000 
70 20 4000  3640 1260 4900 1004.451250 2008.902500 8035610.000000 0.000000 
70 25 4000  3405 1495 4900 974.141875 1948.283750 7793135.000000 0.000000 
70 30 4000  3195 1705 4900 985.048500 1970.097000 7880388.000000 0.000000 
70 35 4000  3010 1890 4900 1005.501375 2011.002750 8044011.000000 0.000000 
70 40 4000  2850 2050 4900 1015.750875 2031.501750 8126007.000000 0.000000 
70 45 4000  2715 2185 4900 1154.141250 2308.282500 9233130.000000 0.000000 
70 50 4000  2605 2295 4900 1058.658000 2117.316000 8469264.000000 0.000000 
70 55 4000  2520 2380 4900 1121.502750 2243.005500 8972022.000000 0.000000 
70 60 4000  2460 2440 4900 1270.394500 2540.789000 10163156.000000 0.000000 
70 65 4000  2425 2475 4900 1076.688000 2153.376000 8613504.000000 0.000000 
70 70 4000  2415 2485 4900 1222.608500 2445.217000 9780868.000000 0.000000 
80 0 4000  6320 80 6400 1277.134750 2554.269500 10217078.000000 0.000000 
80 5 4000  5935 465 6400 1183.279625 2366.559250 9466237.000000 0.000000 
80 10 4000  5575 825 6400 1178.862500 2357.725000 9430900.000000 0.000000 
80 15 4000  5240 1160 6400 1209.661125 2419.322250 9677289.000000 0.000000 
80 20 4000  4930 1470 6400 1395.029125 2790.058250 11160233.000000 0.000000 
80 25 4000  4645 1755 6400 1271.543500 2543.087000 10172348.000000 0.000000 
80 30 4000  4385 2015 6400 1223.417500 2446.835000 9787340.000000 0.000000 
80 35 4000  4150 2250 6400 1303.986125 2607.972250 10431889.000000 0.000000 
80 40 4000  3940 2460 6400 1359.350875 2718.701750 10874807.000000 0.000000 
80 45 4000  3755 2645 6400 1498.089250 2996.178500 11984714.000000 0.000000 
80 50 4000  3595 2805 6400 1307.064875 2614.129750 10456519.000000 0.000000 
80 55 4000  3460 2940 6400 1354.786500 2709.573000 10838292.000000 0.000000 
80 60 4000  3350 3050 6400 1333.292125 2666.584250 10666337.000000 0.000000 
80 65 4000  3265 3135 6400 1345.623375 2691.246750 10764987.000000 0.000000 
80 70 4000  3205 3195 6400 1434.736875 2869.473750 11477895.000000 0.000000 
80 75 4000  3170 3230 6400 1345.280875 2690.561750 10762247.000000 0.000000 
80 80 4000  3160 3240 6400 1333.508750 2667.017500 10668070.000000 0.000000 
90 0 4000  8010 90 8100 1326.729375 2653.458750 10613835.000000 0.000000 
90 5 4000  7575 525 8100 1436.279625 2872.559250 11490237.000000 0.000000 
90 10 4000  7165 935 8100 1495.222500 2990.445000 11961780.000000 0.000000 
90 15 4000  6780 1320 8100 1456.438000 2912.876000 11651504.000000 0.000000 
90 20 4000  6420 1680 8100 1498.929250 2997.858500 11991434.000000 0.000000 
90 25 4000  6085 2015 8100 1698.870500 3397.741000 13590964.000000 0.000000 
90 30 4000  5775 2325 8100 1624.645125 3249.290250 12997161.000000 0.000000 
90 35 4000  5490 2610 8100 1536.787750 3073.575500 12294302.000000 0.000000 
90 40 4000  5230 2870 8100 1674.121000 3348.242000 13392968.000000 0.000000 
90 45 4000  4995 3105 8100 1610.394750 3220.789500 12883158.000000 0.000000 
90 50 4000  4785 3315 8100 1595.400500 3190.801000 12763204.000000 0.000000 
90 55 4000  4600 3500 8100 1683.923625 3367.847250 13471389.000000 0.000000 
90 60 4000  4440 3660 8100 1599.588625 3199.177250 12796709.000000 0.000000 
90 65 4000  4305 3795 8100 1686.877250 3373.754500 13495018.000000 0.000000 
90 70 4000  4195 3905 8100 1621.995625 3243.991250 12975965.000000 0.000000 
90 75 4000  4110 3990 8100 1654.615375 3309.230750 13236923.000000 0.000000 
90 80 4000  4050 4050 8100 1720.202000 3440.404000 13761616.000000 0.000000 
90 85 4000  4015 4085 8100 1834.259750 3668.519500 14674078.000000 0.000000 
90 90 4000  4005 4095 8100 1677.563625 3355.127250 13420509.000000 0.000000 
100 0 4000  9900 100 10000 1661.988375 3323.976750 13295907.000000 0.000000 
100 5 4000  9415 585 10000 1859.728875 3719.457750 14877831.000000 0.000000 
100 10 4000  8955 1045 10000 1818.499625 3636.999250 14547997.000000 0.000000 
100 15 4000  8520 1480 10000 1866.192500 3732.385000 14929540.000000 0.000000 
100 20 4000  8110 1890 10000 1894.826625 3789.653250 15158613.000000 0.000000 
100 25 4000  7725 2275 10000 1826.656250 3653.312500 14613250.000000 0.000000 
100 30 4000  7365 2635 10000 1971.055875 3942.111750 15768447.000000 0.000000 
100 35 4000  7030 2970 10000 1925.818125 3851.636250 15406545.000000 0.000000 
100 40 4000  6720 3280 10000 1940.855250 3881.710500 15526842.000000 0.000000 
100 45 4000  6435 3565 10000 1914.330375 3828.660750 15314643.000000 0.000000 
100 50 4000  6175 3825 10000 1923.689000 3847.378000 15389512.000000 0.000000 
100 55 4000  5940 4060 10000 1983.196500 3966.393000 15865572.000000 0.000000 
100 60 4000  5730 4270 10000 1973.913250 3947.826500 15791306.000000 0.000000 
100 65 4000  5545 4455 10000 2054.279625 4108.559250 16434237.000000 0.000000 
100 70 4000  5385 4615 10000 2118.113625 4236.227250 16944909.000000 0.000000 
100 75 4000  5250 4750 10000 2082.536500 4165.073000 16660292.000000 0.000000 
100 80 4000  5140 4860 10000 2011.476000 4022.952000 16091808.000000 0.000000 
100 85 4000  5055 4945 10000 2046.793375 4093.586750 16374347.000000 0.000000 
100 90 4000  4995 5005 10000 2143.793125 4287.586250 17150345.000000 0.000000 
100 95 4000  4960 5040 10000 2048.624625 4097.249250 16388997.000000 0.000000 
100 100 4000  4950 5050 10000 2157.271250 4314.542500 17258170.000000 0.000000 
100 0 4000  9900 100 10000 2199.293750 4398.587500 17594350.000000 0.000000 
100 20 4000  8110 1890 10000 2034.117750 4068.235500 16272942.000000 0.000000 
100 40 4000  6720 3280 10000 1991.160000 3982.320000 15929280.000000 0.000000 
100 60 4000  5730 4270 10000 1937.137625 3874.275250 15497101.000000 0.000000 
100 80 4000  5140 4860 10000 2037.216750 4074.433500 16297734.000000 0.000000 
100 100 4000  4950 5050 10000 2017.582000 4035.164000 16140656.000000 0.000000 
200 0 4000  39800 200 40000 7931.485000 15862.970000 63451880.000000 0.000000 
200 20 4000  36010 3990 40000 8324.319250 16648.638500 66594554.000000 0.000000 
200 40 4000  32620 7380 40000 9254.255125 18508.510250 74034041.000000 0.000000 
200 60 4000  29630 10370 40000 8351.422250 16702.844500 66811378.000000 0.000000 
200 80 4000  27040 12960 40000 8761.173875 17522.347750 70089391.000000 0.000000 
200 100 4000  24850 15150 40000 8683.887500 17367.775000 69471100.000000 0.000000 
200 120 4000  23060 16940 40000 8974.022000 17948.044000 71792176.000000 0.000000 
200 140 4000  21670 18330 40000 8838.668250 17677.336500 70709346.000000 0.000000 
200 160 4000  20680 19320 40000 9221.161500 18442.323000 73769292.000000 0.000000 
200 180 4000  20090 19910 40000 8963.413875 17926.827750 71707311.000000 0.000000 
200 200 4000  19900 20100 40000 9002.784375 18005.568750 72022275.000000 0.000000 
300 0 4000  89700 300 90000 22261.624000 44523.248000 178092992.000000 0.000000 
300 20 4000  83910 6090 90000 22465.186000 44930.372000 179721488.000000 0.000000 
300 40 4000  78520 11480 90000 22652.338125 45304.676250 181218705.000000 0.000000 
300 60 4000  73530 16470 90000 22577.358125 45154.716250 180618865.000000 0.000000 
300 80 4000  68940 21060 90000 23143.726125 46287.452250 185149809.000000 0.000000 
300 100 4000  64750 25250 90000 23621.664375 47243.328750 188973315.000000 0.000000 
300 120 4000  60960 29040 90000 22969.503750 45939.007500 183756030.000000 0.000000 
300 140 4000  57570 32430 90000 23261.994875 46523.989750 186095959.000000 0.000000 
300 160 4000  54580 35420 90000 23328.292250 46656.584500 186626338.000000 0.000000 
300 180 4000  51990 38010 90000 23484.165500 46968.331000 187873324.000000 0.000000 
300 200 4000  49800 40200 90000 23626.985625 47253.971250 189015885.000000 0.000000 
300 220 4000  48010 41990 90000 23639.203875 47278.407750 189113631.000000 0.000000 
300 240 4000  46620 43380 90000 23591.404625 47182.809250 188731237.000000 0.000000 
300 260 4000  45630 44370 90000 23494.829625 46989.659250 187958637.000000 0.000000 
300 280 4000  45040 44960 90000 23429.825000 46859.650000 187438600.000000 0.000000 
300 300 4000  44850 45150 90000 23546.593000 47093.186000 188372744.000000 0.000000 
400 0 4000  159600 400 160000 30668.569125 61337.138250 245348553.000000 0.000000 
400 20 4000  151810 8190 160000 31599.371250 63198.742500 252794970.000000 0.000000 
400 40 4000  144420 15580 160000 31480.941000 62961.882000 251847528.000000 0.000000 
400 60 4000  137430 22570 160000 32118.747875 64237.495750 256949983.000000 0.000000 
400 80 4000  130840 29160 160000 32796.582125 65593.164250 262372657.000000 0.000000 
400 100 4000  124650 35350 160000 32689.992250 65379.984500 261519938.000000 0.000000 
400 120 4000  118860 41140 160000 34174.493625 68348.987250 273395949.000000 0.000000 
400 140 4000  113470 46530 160000 33080.410000 66160.820000 264643280.000000 0.000000 
400 160 4000  108480 51520 160000 33861.789125 67723.578250 270894313.000000 0.000000 
400 180 4000  103890 56110 160000 32839.864625 65679.729250 262718917.000000 0.000000 
400 200 4000  99700 60300 160000 33413.552500 66827.105000 267308420.000000 0.000000 
400 220 4000  95910 64090 160000 33816.850875 67633.701750 270534807.000000 0.000000 
400 240 4000  92520 67480 160000 31723.526375 63447.052750 253788211.000000 0.000000 
400 260 4000  89530 70470 160000 32184.486000 64368.972000 257475888.000000 0.000000 
400 280 4000  86940 73060 160000 32840.853125 65681.706250 262726825.000000 0.000000 
400 300 4000  84750 75250 160000 33851.922625 67703.845250 270815381.000000 0.000000 
400 320 4000  82960 77040 160000 33372.973875 66745.947750 266983791.000000 0.000000 
400 340 4000  81570 78430 160000 32273.310375 64546.620750 258186483.000000 0.000000 
400 360 4000  80580 79420 160000 33707.912250 67415.824500 269663298.000000 0.000000 
400 380 4000  79990 80010 160000 32400.224750 64800.449500 259201798.000000 0.000000 
400 400 4000  79800 80200 160000 33770.394125 67540.788250 270163153.000000 0.000000 
500 0 4000  249500 500 250000 34377.531750 68755.063500 275020254.000000 0.000000 
500 20 4000  239710 10290 250000 36625.357000 73250.714000 293002856.000000 0.000000 
500 40 4000  230320 19680 250000 37097.529000 74195.058000 296780232.000000 0.000000 
500 60 4000  221330 28670 250000 37800.960250 75601.920500 302407682.000000 0.000000 
500 80 4000  212740 37260 250000 37411.012500 74822.025000 299288100.000000 0.000000 
500 100 4000  204550 45450 250000 37912.066250 75824.132500 303296530.000000 0.000000 
500 120 4000  196760 53240 250000 36830.248875 73660.497750 294641991.000000 0.000000 
500 140 4000  189370 60630 250000 38432.413750 76864.827500 307459310.000000 0.000000 
500 160 4000  182380 67620 250000 38281.281500 76562.563000 306250252.000000 0.000000 
500 180 4000  175790 74210 250000 38289.007000 76578.014000 306312056.000000 0.000000 
500 200 4000  169600 80400 250000 38853.479125 77706.958250 310827833.000000 0.000000 
500 220 4000  163810 86190 250000 38626.225500 77252.451000 309009804.000000 0.000000 
500 240 4000  158420 91580 250000 38830.633375 77661.266750 310645067.000000 0.000000 
500 260 4000  153430 96570 250000 38828.809875 77657.619750 310630479.000000 0.000000 
500 280 4000  148840 101160 250000 38928.490125 77856.980250 311427921.000000 0.000000 
500 300 4000  144650 105350 250000 39167.728750 78335.457500 313341830.000000 0.000000 
500 320 4000  140860 109140 250000 38908.771000 77817.542000 311270168.000000 0.000000 
500 340 4000  137470 112530 250000 39213.087000 78426.174000 313704696.000000 0.000000 
500 360 4000  134480 115520 250000 39153.835750 78307.671500 313230686.000000 0.000000 
500 380 4000  131890 118110 250000 39126.754375 78253.508750 313014035.000000 0.000000 
500 400 4000  129700 120300 250000 39256.355875 78512.711750 314050847.000000 0.000000 
500 420 4000  127910 122090 250000 39253.093500 78506.187000 314024748.000000 0.000000 
500 440 4000  126520 123480 250000 36453.224875 72906.449750 291625799.000000 0.000000 
500 460 4000  125530 124470 250000 36477.603125 72955.206250 291820825.000000 0.000000 
500 480 4000  124940 125060 250000 39431.836875 78863.673750 315454695.000000 0.000000 
500 500 4000  124750 125250 250000 39916.788750 79833.577500 319334310.000000 0.000000 
600 0 4000  359400 600 360000 38479.241375 76958.482750 307833931.000000 0.000000 
600 20 4000  347610 12390 360000 39515.905000 79031.810000 316127240.000000 0.000000 
600 40 4000  336220 23780 360000 40319.270250 80638.540500 322554162.000000 0.000000 
600 60 4000  325230 34770 360000 39391.799625 78783.599250 315134397.000000 0.000000 
600 80 4000  314640 45360 360000 39919.296750 79838.593500 319354374.000000 0.000000 
600 100 4000  304450 55550 360000 41173.032250 82346.064500 329384258.000000 0.000000 
600 120 4000  294660 65340 360000 41488.021625 82976.043250 331904173.000000 0.000000 
600 140 4000  285270 74730 360000 40666.160875 81332.321750 325329287.000000 0.000000 
600 160 4000  276280 83720 360000 40777.959250 81555.918500 326223674.000000 0.000000 
600 180 4000  267690 92310 360000 41907.820625 83815.641250 335262565.000000 0.000000 
600 200 4000  259500 100500 360000 42019.767875 84039.535750 336158143.000000 0.000000 
600 220 4000  251710 108290 360000 42446.034375 84892.068750 339568275.000000 0.000000 
600 240 4000  244320 115680 360000 41454.862875 82909.725750 331638903.000000 0.000000 
600 260 4000  237330 122670 360000 41027.767125 82055.534250 328222137.000000 0.000000 
600 280 4000  230740 129260 360000 42322.204625 84644.409250 338577637.000000 0.000000 
600 300 4000  224550 135450 360000 42193.561875 84387.123750 337548495.000000 0.000000 
600 320 4000  218760 141240 360000 42757.714250 85515.428500 342061714.000000 0.000000 
600 340 4000  213370 146630 360000 41845.272625 83690.545250 334762181.000000 0.000000 
600 360 4000  208380 151620 360000 42310.902375 84621.804750 338487219.000000 0.000000 
600 380 4000  203790 156210 360000 42043.990750 84087.981500 336351926.000000 0.000000 
600 400 4000  199600 160400 360000 41922.347125 83844.694250 335378777.000000 0.000000 
600 420 4000  195810 164190 360000 43146.823375 86293.646750 345174587.000000 0.000000 
600 440 4000  192420 167580 360000 42268.995750 84537.991500 338151966.000000 0.000000 
600 460 4000  189430 170570 360000 43422.742250 86845.484500 347381938.000000 0.000000 
600 480 4000  186840 173160 360000 41949.231875 83898.463750 335593855.000000 0.000000 
600 500 4000  184650 175350 360000 42995.157250 85990.314500 343961258.000000 0.000000 
600 520 4000  182860 177140 360000 42553.207875 85106.415750 340425663.000000 0.000000 
600 540 4000  181470 178530 360000 42762.705250 85525.410500 342101642.000000 0.000000 
600 560 4000  180480 179520 360000 42654.029750 85308.059500 341232238.000000 0.000000 
600 580 4000  179890 180110 360000 42096.671625 84193.343250 336773373.000000 0.000000 
600 600 4000  179700 180300 360000 42307.229625 84614.459250 338457837.000000 0.000000 
700 0 4000  489300 700 490000 46150.056375 92300.112750 369200451.000000 0.000000 
700 20 4000  475510 14490 490000 44891.456000 89782.912000 359131648.000000 0.000000 
700 40 4000  462120 27880 490000 46203.723375 92407.446750 369629787.000000 0.000000 
700 60 4000  449130 40870 490000 46711.397875 93422.795750 373691183.000000 0.000000 
700 80 4000  436540 53460 490000 47460.769375 94921.538750 379686155.000000 0.000000 
700 100 4000  424350 65650 490000 47974.953750 95949.907500 383799630.000000 0.000000 
700 120 4000  412560 77440 490000 47567.400375 95134.800750 380539203.000000 0.000000 
700 140 4000  401170 88830 490000 48591.741875 97183.483750 388733935.000000 0.000000 
700 160 4000  390180 99820 490000 47071.814750 94143.629500 376574518.000000 0.000000 
700 180 4000  379590 110410 490000 48061.489625 96122.979250 384491917.000000 0.000000 
700 200 4000  369400 120600 490000 50227.356125 100454.712250 401818849.000000 0.000000 
700 220 4000  359610 130390 490000 48056.319625 96112.639250 384450557.000000 0.000000 
700 240 4000  350220 139780 490000 48926.986000 97853.972000 391415888.000000 0.000000 
700 260 4000  341230 148770 490000 50131.845000 100263.690000 401054760.000000 0.000000 
700 280 4000  332640 157360 490000 50151.816750 100303.633500 401214534.000000 0.000000 
700 300 4000  324450 165550 490000 51506.177500 103012.355000 412049420.000000 0.000000 
700 320 4000  316660 173340 490000 49358.722500 98717.445000 394869780.000000 0.000000 
700 340 4000  309270 180730 490000 50951.602625 101903.205250 407612821.000000 0.000000 
700 360 4000  302280 187720 490000 49480.502375 98961.004750 395844019.000000 0.000000 
700 380 4000  295690 194310 490000 51959.669500 103919.339000 415677356.000000 0.000000 
700 400 4000  289500 200500 490000 49294.080375 98588.160750 394352643.000000 0.000000 
700 420 4000  283710 206290 490000 50158.857625 100317.715250 401270861.000000 0.000000 
700 440 4000  278320 211680 490000 49567.680750 99135.361500 396541446.000000 0.000000 
700 460 4000  273330 216670 490000 49634.064875 99268.129750 397072519.000000 0.000000 
700 480 4000  268740 221260 490000 50811.584750 101623.169500 406492678.000000 0.000000 
700 500 4000  264550 225450 490000 50199.003750 100398.007500 401592030.000000 0.000000 
700 520 4000  260760 229240 490000 48914.284125 97828.568250 391314273.000000 0.000000 
700 540 4000  257370 232630 490000 48960.091875 97920.183750 391680735.000000 0.000000 
700 560 4000  254380 235620 490000 50151.436500 100302.873000 401211492.000000 0.000000 
700 580 4000  251790 238210 490000 52973.027375 105946.054750 423784219.000000 0.000000 
700 600 4000  249600 240400 490000 49947.447000 99894.894000 399579576.000000 0.000000 
700 620 4000  247810 242190 490000 50047.932375 100095.864750 400383459.000000 0.000000 
700 640 4000  246420 243580 490000 49892.253875 99784.507750 399138031.000000 0.000000 
700 660 4000  245430 244570 490000 49783.902625 99567.805250 398271221.000000 0.000000 
700 680 4000  244840 245160 490000 51298.445500 102596.891000 410387564.000000 0.000000 
700 700 4000  244650 245350 490000 50828.356000 101656.712000 406626848.000000 0.000000 
800 0 4000  639200 800 640000 58612.277375 117224.554750 468898219.000000 0.000000 
800 20 4000  623410 16590 640000 60295.080500 120590.161000 482360644.000000 0.000000 
800 40 4000  608020 31980 640000 57357.729875 114715.459750 458861839.000000 0.000000 
800 60 4000  593030 46970 640000 60107.146750 120214.293500 480857174.000000 0.000000 
800 80 4000  578440 61560 640000 57848.996125 115697.992250 462791969.000000 0.000000 
800 100 4000  564250 75750 640000 58864.895250 117729.790500 470919162.000000 0.000000 
800 120 4000  550460 89540 640000 59536.304250 119072.608500 476290434.000000 0.000000 
800 140 4000  537070 102930 640000 61389.031875 122778.063750 491112255.000000 0.000000 
800 160 4000  524080 115920 640000 61541.510625 123083.021250 492332085.000000 0.000000 
800 180 4000  511490 128510 640000 63826.172625 127652.345250 510609381.000000 0.000000 
800 200 4000  499300 140700 640000 61861.965250 123723.930500 494895722.000000 0.000000 
800 220 4000  487510 152490 640000 63445.823625 126891.647250 507566589.000000 0.000000 
800 240 4000  476120 163880 640000 62329.331750 124658.663500 498634654.000000 0.000000 
800 260 4000  465130 174870 640000 63341.148750 126682.297500 506729190.000000 0.000000 
800 280 4000  454540 185460 640000 63391.115750 126782.231500 507128926.000000 0.000000 
800 300 4000  444350 195650 640000 64061.661750 128123.323500 512493294.000000 0.000000 
800 320 4000  434560 205440 640000 64567.709500 129135.419000 516541676.000000 0.000000 
800 340 4000  425170 214830 640000 61760.874750 123521.749500 494086998.000000 0.000000 
800 360 4000  416180 223820 640000 61797.601625 123595.203250 494380813.000000 0.000000 
800 380 4000  407590 232410 640000 63554.658000 127109.316000 508437264.000000 0.000000 
800 400 4000  399400 240600 640000 64447.967250 128895.934500 515583738.000000 0.000000 
800 420 4000  391610 248390 640000 63058.002375 126116.004750 504464019.000000 0.000000 
800 440 4000  384220 255780 640000 63319.713125 126639.426250 506557705.000000 0.000000 
800 460 4000  377230 262770 640000 63904.177375 127808.354750 511233419.000000 0.000000 
800 480 4000  370640 269360 640000 63202.577625 126405.155250 505620621.000000 0.000000 
800 500 4000  364450 275550 640000 63821.689625 127643.379250 510573517.000000 0.000000 
800 520 4000  358660 281340 640000 65433.880750 130867.761500 523471046.000000 0.000000 
800 540 4000  353270 286730 640000 63272.329375 126544.658750 506178635.000000 0.000000 
800 560 4000  348280 291720 640000 65182.904000 130365.808000 521463232.000000 0.000000 
800 580 4000  343690 296310 640000 63073.309375 126146.618750 504586475.000000 0.000000 
800 600 4000  339500 300500 640000 64938.708500 129877.417000 519509668.000000 0.000000 
800 620 4000  335710 304290 640000 65571.852875 131143.705750 524574823.000000 0.000000 
800 640 4000  332320 307680 640000 64370.966375 128741.932750 514967731.000000 0.000000 
800 660 4000  329330 310670 640000 64097.750750 128195.501500 512782006.000000 0.000000 
800 680 4000  326740 313260 640000 63130.554750 126261.109500 505044438.000000 0.000000 
800 700 4000  324550 315450 640000 66226.899500 132453.799000 529815196.000000 0.000000 
800 720 4000  322760 317240 640000 64122.232875 128244.465750 512977863.000000 0.000000 
800 740 4000  321370 318630 640000 66536.941125 133073.882250 532295529.000000 0.000000 
800 760 4000  320380 319620 640000 63604.150125 127208.300250 508833201.000000 0.000000 
800 780 4000  319790 320210 640000 64942.744625 129885.489250 519541957.000000 0.000000 
800 800 4000  319600 320400 640000 65410.586000 130821.172000 523284688.000000 0.000000 
900 0 4000  809100 900 810000 69803.088750 139606.177500 558424710.000000 0.000000 
900 20 4000  791310 18690 810000 68851.172250 137702.344500 550809378.000000 0.000000 
900 40 4000  773920 36080 810000 69716.999250 139433.998500 557735994.000000 0.000000 
900 60 4000  756930 53070 810000 71374.968750 142749.937500 570999750.000000 0.000000 
900 80 4000  740340 69660 810000 70932.442750 141864.885500 567459542.000000 0.000000 
900 100 4000  724150 85850 810000 70217.104625 140434.209250 561736837.000000 0.000000 
900 120 4000  708360 101640 810000 70427.763125 140855.526250 563422105.000000 0.000000 
900 140 4000  692970 117030 810000 76837.653500 153675.307000 614701228.000000 0.000000 
900 160 4000  677980 132020 810000 71558.260375 143116.520750 572466083.000000 0.000000 
900 180 4000  663390 146610 810000 75610.578000 151221.156000 604884624.000000 0.000000 
900 200 4000  649200 160800 810000 87551.874875 175103.749750 700414999.000000 0.000000 
900 220 4000  635410 174590 810000 73372.369875 146744.739750 586978959.000000 0.000000 
900 240 4000  622020 187980 810000 75957.468125 151914.936250 607659745.000000 0.000000 
900 260 4000  609030 200970 810000 73435.126250 146870.252500 587481010.000000 0.000000 
900 280 4000  596440 213560 810000 74370.191750 148740.383500 594961534.000000 0.000000 
900 300 4000  584250 225750 810000 76262.108375 152524.216750 610096867.000000 0.000000 
900 320 4000  572460 237540 810000 76198.370750 152396.741500 609586966.000000 0.000000 
900 340 4000  561070 248930 810000 77897.954625 155795.909250 623183637.000000 0.000000 
900 360 4000  550080 259920 810000 76572.574750 153145.149500 612580598.000000 0.000000 
900 380 4000  539490 270510 810000 80612.777375 161225.554750 644902219.000000 0.000000 
900 400 4000  529300 280700 810000 73793.849750 147587.699500 590350798.000000 0.000000 
900 420 4000  519510 290490 810000 86693.182625 173386.365250 693545461.000000 0.000000 
900 440 4000  510120 299880 810000 73773.731500 147547.463000 590189852.000000 0.000000 
900 460 4000  501130 308870 810000 74585.154625 149170.309250 596681237.000000 0.000000 
900 480 4000  492540 317460 810000 78763.491500 157526.983000 630107932.000000 0.000000 
900 500 4000  484350 325650 810000 76347.041625 152694.083250 610776333.000000 0.000000 
900 520 4000  476560 333440 810000 73935.309000 147870.618000 591482472.000000 0.000000 
900 540 4000  469170 340830 810000 81366.609875 162733.219750 650932879.000000 0.000000 
900 560 4000  462180 347820 810000 78960.155750 157920.311500 631681246.000000 0.000000 
900 580 4000  455590 354410 810000 82990.606000 165981.212000 663924848.000000 0.000000 
900 600 4000  449400 360600 810000 78274.277500 156548.555000 626194220.000000 0.000000 
900 620 4000  443610 366390 810000 85518.378125 171036.756250 684147025.000000 0.000000 
900 640 4000  438220 371780 810000 74322.875000 148645.750000 594583000.000000 0.000000 
900 660 4000  433230 376770 810000 78628.764000 157257.528000 629030112.000000 0.000000 
900 680 4000  428640 381360 810000 75865.871500 151731.743000 606926972.000000 0.000000 
900 700 4000  424450 385550 810000 83586.674000 167173.348000 668693392.000000 0.000000 
900 720 4000  420660 389340 810000 82025.377125 164050.754250 656203017.000000 0.000000 
900 740 4000  417270 392730 810000 79192.481000 158384.962000 633539848.000000 0.000000 
900 760 4000  414280 395720 810000 77407.803625 154815.607250 619262429.000000 0.000000 
900 780 4000  411690 398310 810000 84685.248500 169370.497000 677481988.000000 0.000000 
900 800 4000  409500 400500 810000 75888.557875 151777.115750 607108463.000000 0.000000 
900 820 4000  407710 402290 810000 74493.274750 148986.549500 595946198.000000 0.000000 
900 840 4000  406320 403680 810000 75532.725500 151065.451000 604261804.000000 0.000000 
900 860 4000  405330 404670 810000 73506.317000 147012.634000 588050536.000000 0.000000 
900 880 4000  404740 405260 810000 76522.330125 153044.660250 612178641.000000 0.000000 
900 900 4000  404550 405450 810000 86410.739750 172821.479500 691285918.000000 0.000000 
1000 0 4000  999000 1000 1000000 90170.812125 180341.624250 721366497.000000 0.000000 
1000 20 4000  979210 20790 1000000 90714.497375 181428.994750 725715979.000000 0.000000 
1000 40 4000  959820 40180 1000000 88856.087000 177712.174000 710848696.000000 0.000000 
1000 60 4000  940830 59170 1000000 89811.337875 179622.675750 718490703.000000 0.000000 
1000 80 4000  922240 77760 1000000 129185.907250 258371.814500 1033487258.000000 0.000000 
1000 100 4000  904050 95950 1000000 92608.134500 185216.269000 740865076.000000 0.000000 
1000 120 4000  886260 113740 1000000 100666.360250 201332.720500 805330882.000000 0.000000 
1000 140 4000  868870 131130 1000000 95518.411000 191036.822000 764147288.000000 0.000000 
1000 160 4000  851880 148120 1000000 92749.262750 185498.525500 741994102.000000 0.000000 
1000 180 4000  835290 164710 1000000 94969.715250 189939.430500 759757722.000000 0.000000 
1000 200 4000  819100 180900 1000000 98316.351000 196632.702000 786530808.000000 0.000000 
1000 220 4000  803310 196690 1000000 101495.766625 202991.533250 811966133.000000 0.000000 
1000 240 4000  787920 212080 1000000 96762.129875 193524.259750 774097039.000000 0.000000 
1000 260 4000  772930 227070 1000000 96825.623125 193651.246250 774604985.000000 0.000000 
1000 280 4000  758340 241660 1000000 120650.702500 241301.405000 965205620.000000 0.000000 
1000 300 4000  744150 255850 1000000 100210.448875 200420.897750 801683591.000000 0.000000 
1000 320 4000  730360 269640 1000000 101934.388000 203868.776000 815475104.000000 0.000000 
1000 340 4000  716970 283030 1000000 93357.930625 186715.861250 746863445.000000 0.000000 
1000 360 4000  703980 296020 1000000 103568.654625 207137.309250 828549237.000000 0.000000 
1000 380 4000  691390 308610 1000000 129507.878875 259015.757750 1036063031.000000 0.000000 
1000 400 4000  679200 320800 1000000 98417.078750 196834.157500 787336630.000000 0.000000 
1000 420 4000  667410 332590 1000000 100052.118125 200104.236250 800416945.000000 0.000000 
1000 440 4000  656020 343980 1000000 98563.279250 197126.558500 788506234.000000 0.000000 
1000 460 4000  645030 354970 1000000 100854.426625 201708.853250 806835413.000000 0.000000 
1000 480 4000  634440 365560 1000000 136239.725875 272479.451750 1089917807.000000 0.000000 
1000 500 4000  624250 375750 1000000 95560.935375 191121.870750 764487483.000000 0.000000 
1000 520 4000  614460 385540 1000000 100084.111375 200168.222750 800672891.000000 0.000000 
1000 540 4000  605070 394930 1000000 108196.276250 216392.552500 865570210.000000 0.000000 
1000 560 4000  596080 403920 1000000 97911.874750 195823.749500 783294998.000000 0.000000 
1000 580 4000  587490 412510 1000000 96576.192750 193152.385500 772609542.000000 0.000000 
1000 600 4000  579300 420700 1000000 96385.564875 192771.129750 771084519.000000 0.000000 
1000 620 4000  571510 428490 1000000 109207.732500 218415.465000 873661860.000000 0.000000 
1000 640 4000  564120 435880 1000000 96012.275000 192024.550000 768098200.000000 0.000000 
1000 660 4000  557130 442870 1000000 104652.834125 209305.668250 837222673.000000 0.000000 
1000 680 4000  550540 449460 1000000 140876.716000 281753.432000 1127013728.000000 0.000000 
1000 700 4000  544350 455650 1000000 106004.891750 212009.783500 848039134.000000 0.000000 
1000 720 4000  538560 461440 1000000 122575.796500 245151.593000 980606372.000000 0.000000 
1000 740 4000  533170 466830 1000000 95155.243875 190310.487750 761241951.000000 0.000000 
1000 760 4000  528180 471820 1000000 96487.899375 192975.798750 771903195.000000 0.000000 
1000 780 4000  523590 476410 1000000 101049.765875 202099.531750 808398127.000000 0.000000 
1000 800 4000  519400 480600 1000000 100485.157000 200970.314000 803881256.000000 0.000000 
1000 820 4000  515610 484390 1000000 100983.696125 201967.392250 807869569.000000 0.000000 
1000 840 4000  512220 487780 1000000 98418.941500 196837.883000 787351532.000000 0.000000 
1000 860 4000  509230 490770 1000000 97306.105250 194612.210500 778448842.000000 0.000000 
1000 880 4000  506640 493360 1000000 98573.496375 197146.992750 788587971.000000 0.000000 
1000 900 4000  504450 495550 1000000 108526.562875 217053.125750 868212503.000000 0.000000 
1000 920 4000  502660 497340 1000000 101852.422000 203704.844000 814819376.000000 0.000000 
1000 940 4000  501270 498730 1000000 97018.008625 194036.017250 776144069.000000 0.000000 
1000 960 4000  500280 499720 1000000 94979.234625 189958.469250 759833877.000000 0.000000 
1000 980 4000  499690 500310 1000000 99350.914125 198701.828250 794807313.000000 0.000000 
1000 1000 4000  499500 500500 1000000 106630.359375 213260.718750 853042875.000000 0.000000 
