10 0 4000  90 10 100 4.303125 8.606250 34425.000000 6.238553 
10 5 4000  55 45 100 8.294250 16.588500 66354.000000 59030842222631288467749863424.000000 
10 10 4000  45 55 100 8.279625 16.559250 66237.000000 243920408591290539466284859392.000000 
20 0 4000  380 20 400 3.386625 6.773250 27093.000000 9.591766 
20 5 4000  295 105 400 7.477125 14.954250 59817.000000 336823029226740012719468232419782201965678588179878248448.000000 
20 10 4000  235 165 400 7.479000 14.958000 59832.000000 1020668176681776185596594465028402668088790934424318377984.000000 
20 15 4000  200 200 400 8.656000 17.312000 69248.000000 92182575018643241041336134270597968904473371866893910016.000000 
20 20 4000  190 210 400 8.272500 16.545000 66180.000000 546825469168421212797546620564907573713753917736926314496.000000 
30 0 4000  870 30 900 4.401000 8.802000 35208.000000 12.830053 
30 5 4000  735 165 900 7.361500 14.723000 58892.000000 14443619964161818492955244974799644621206099220115762563676282897527608468784021504.000000 
30 10 4000  625 275 900 11.717750 23.435500 93742.000000 17225143940084182213296160214807783398909535835413324708570635495837345153365835776.000000 
30 15 4000  540 360 900 9.736625 19.473250 77893.000000 5810297247878091088129559727138977152032055738020227261510156351951357365723332608.000000 
30 20 4000  480 420 900 8.015500 16.031000 64124.000000 17832632674098338922447408348513458792958987365425530625309436226445043818987257856.000000 
30 25 4000  445 455 900 8.931750 17.863500 71454.000000 614114804086703331823804206397345878137830129671793254790446588255301095525449728.000000 
30 30 4000  435 465 900 8.775625 17.551250 70205.000000 12223070161170734989186780220065645984555564576920526696741977810516828466305826816.000000 
40 0 4000  1560 40 1600 6.323125 12.646250 50585.000000 20.479490 
40 5 4000  1375 225 1600 9.425000 18.850000 75400.000000 2273592457282093355814494805523771277707529643831451277248216807267164416417169771229144654601387570626560.000000 
40 10 4000  1215 385 1600 8.768125 17.536250 70145.000000 7010855985111562143236128403765816163027304579319743602783907334017302455842763634675381932840238605926400.000000 
40 15 4000  1080 520 1600 7.859000 15.718000 62872.000000 1610605107366544373378581219648682266987594436871035792279407938114082943408649522477481723162559653085184.000000 
40 20 4000  970 630 1600 10.607875 21.215750 84863.000000 5251394339389311355143850760417756000121353965894100222220997498696931636405700833234897620276576207765504.000000 
40 25 4000  885 715 1600 7.487000 14.974000 59896.000000 3128555410013144042187768179257328772824362140117997521538453399518233906476562255571205938606758481100800.000000 
40 30 4000  825 775 1600 9.791125 19.582250 78329.000000 4657334080888792565998030885533863506046972689753536746502895256201125079210205858705735058308778524934144.000000 
40 35 4000  790 810 1600 10.619375 21.238750 84955.000000 6657378253201295836403397311381636064695120850144455593893497697289171599560037565900737793909949600890880.000000 
40 40 4000  780 820 1600 9.476375 18.952750 75811.000000 1134247816515064417750409294255239127379654920265748268714702750135485737811178484102598469751155235749888.000000 
50 0 4000  2450 50 2500 6.954875 13.909750 55639.000000 22.119001 
50 5 4000  2215 285 2500 9.186500 18.373000 73492.000000 156067436239702402181447070374685107920466044429574144534316538377943692757299450053737086423465616052080007040929251836978790400.000000 
50 10 4000  2005 495 2500 12.699750 25.399500 101598.000000 233922333211188935765370991069888447924877773269737838470609267356599083092434551845271471929831820339481958637090013734141689856.000000 
50 15 4000  1820 680 2500 8.098125 16.196250 64785.000000 39450217892075126421007086322872376326076354414976573467486571532246936299519403020083603668604167742961778886033321432316903424.000000 
50 20 4000  1660 840 2500 18.346000 36.692000 146768.000000 337953824238746267723393665589628239741588680545809515267747405266179132959218169408294360494123115791987734570386350122349887488.000000 
50 25 4000  1525 975 2500 11.351875 22.703750 90815.000000 57291521852684230608468596798479899360359264956170983162610232943344853874145637773929182489460794345221283114286391954954518528.000000 
50 30 4000  1415 1085 2500 8.216750 16.433500 65734.000000 216440211852991855248666125262564567587319121628993722336805189663046547378450179751815042280824010910137672745614998923173167104.000000 
50 35 4000  1330 1170 2500 8.010000 16.020000 64080.000000 338160513520555786296390718669764143598013853888354376946427977462291881696048474671256557164306874257894756748401679419641430016.000000 
50 40 4000  1270 1230 2500 8.440500 16.881000 67524.000000 268965706308539057978167621766185337316595606205993548750539044796049325409714251975951454338963942077650426157451822501365547008.000000 
50 45 4000  1235 1265 2500 8.219000 16.438000 65752.000000 245132429401199798480739030133838443860028969439289186446837687653109077612001441421558831621844686088641401363649959121232330752.000000 
50 50 4000  1225 1275 2500 11.146875 22.293750 89175.000000 173180860303357113362038002667107986528779755180742933216026958636211782769181372258111480511140038981741558966124504734872109056.000000 
60 0 4000  3540 60 3600 13.847625 27.695250 110781.000000 36.024489 
60 5 4000  3255 345 3600 11.053625 22.107250 88429.000000 675573482756302060976390859956458868800073116490184442181663127847821771976926449909050243476970311031374351487207880665391423445018691053428790001664.000000 
60 10 4000  2995 605 3600 8.517375 17.034750 68139.000000 562244988777430265663396539172390589782609396469191540182964510243013484528658481610068355141733823041589743795270227872323120710236124523222578233344.000000 
60 15 4000  2760 840 3600 9.772750 19.545500 78182.000000 193288992564354690117586742035307501010101323623136991984455970588512767732062103711620639560299172459304343457961732956357955114598180915720759541760.000000 
60 20 4000  2550 1050 3600 10.715125 21.430250 85721.000000 1498272781726658411421657146208029472408930937625642170902811787332762103965298062830538940599685635481981672971144498299547381797698145996222358355968.000000 
60 25 4000  2365 1235 3600 12.045375 24.090750 96363.000000 555516513677921671167149739281304391380194074101882228166178845973189355678487557711218614609336578275634567864820248069461151039467926178248477638656.000000 
60 30 4000  2205 1395 3600 11.871750 23.743500 94974.000000 51354110135804420040461098159754165106725680961560089113481820758851716577383251049144997336632135273460292618098977719966223312610758164658274697216.000000 
60 35 4000  2070 1530 3600 9.273875 18.547750 74191.000000 1002458009370270712440772331047493933303529439765576106589403080534332935758532843492837812846238101531058213768759964645874205555263543908542976098304.000000 
60 40 4000  1960 1640 3600 9.260125 18.520250 74081.000000 1236782336841534067683822334470171785639259893342548672263011349051490180735202680630604780104025058493309020129254847998897001703801159303295666225152.000000 
60 45 4000  1875 1725 3600 11.869875 23.739750 94959.000000 1227351781323975715603624849719185263678072272358288543851627847738144255791258017227556795639962462468424460474384280554521904214303602912809870950400.000000 
60 50 4000  1815 1785 3600 12.276125 24.552250 98209.000000 425932913155583758967084321066071552278317433039647627490407679373998998213593434695954201261827785134494132644590865408110866794755457558940055764992.000000 
60 55 4000  1780 1820 3600 8.780625 17.561250 70245.000000 1643991885177605245323468931096434509682849244279638662316961410795668095198037292396761644026195418831521597357962589678074545823911810534727483392000.000000 
60 60 4000  1770 1830 3600 8.661375 17.322750 69291.000000 1713973877506398276384040085940463913218489132899388873516970890285339258082444040158862812600783962570114789538721980204494083127349190276351835242496.000000 
70 0 4000  4830 70 4900 9.835625 19.671250 78685.000000 40.123534 
70 5 4000  4495 405 4900 12.032875 24.065750 96263.000000 1608054621050173072507963097170464433085818896814321738804996554809246899208833790572923337426516988556509395746296890878370767413241994052791118886263198157895173702418432.000000 
70 10 4000  4185 715 4900 12.169375 24.338750 97355.000000 1567830297349480238184998361361332174851351433650275569453993733299316566369404598517315179367703683740996760032575549149656746993554073225407917935904274325538063620505600.000000 
70 15 4000  3900 1000 4900 12.017875 24.035750 96143.000000 462688765278012422458521660806081922217744136248938574504887106369243116824362327343972917976265681074188553583473022702474281635875733922619703674261798890081740358942720.000000 
70 20 4000  3640 1260 4900 13.304875 26.609750 106439.000000 45607126559657635695194958182126493719203468402285844042702223394414285930542596172366972268380048694673897443828534799716754510758593616012982720787085615470309338513408.000000 
70 25 4000  3405 1495 4900 10.092375 20.184750 80739.000000 660192815318169156798885812879715331155142999687892371086011440080033897358912051927280009177516176344653419618196705132174976696029593898146718416241392877022616462819328.000000 
70 30 4000  3195 1705 4900 9.676500 19.353000 77412.000000 1470486621629628449651289889835509996313104495628626949612213720806917212094970301687658064157569221227650938600200693389805448239093855510766018255595932926626940487467008.000000 
70 35 4000  3010 1890 4900 10.059000 20.118000 80472.000000 1508425745452615443670414047259919298698418874780987408937428885039338769747064041674273002607804083022205433141553409589630053924644712706694588407097923692986431048777728.000000 
70 40 4000  2850 2050 4900 10.073625 20.147250 80589.000000 237461639144253864012745454438918438071763822241832777755621769503692115527753612700929859925563528769443457244049507681187801387682948892023743707992358477840986763427840.000000 
70 45 4000  2715 2185 4900 9.542625 19.085250 76341.000000 1544476465424156631597566041164388800350249772900674235329860105949502405950801524216613055920186514330815316655510846976254965807278854129527346224011591538476876763758592.000000 
70 50 4000  2605 2295 4900 10.761375 21.522750 86091.000000 227011974455803643265617887788192064256768231265620263756946228460573973654731420004743545981385211696572297659674904866902057756731052618857449913522228105186036680753152.000000 
70 55 4000  2520 2380 4900 9.547125 19.094250 76377.000000 799609446295051010703492597694222216226175892990249139082326591479314800097637117792505389511364779366568177512526900230904152790592090827354251747367141004759149704118272.000000 
70 60 4000  2460 2440 4900 12.014875 24.029750 96119.000000 903695832632820968986508703911955892277273036808013763725381582659631575730996195552184113403815484830745271269963259348418466358015221279272456336941764147528117524627456.000000 
70 65 4000  2425 2475 4900 13.372625 26.745250 106981.000000 976339865676660753667535442391770955858377800907007101513259923751850031754867094740208900918758902053280571340317403434886522014291550577552878686429016835540886273130496.000000 
70 70 4000  2415 2485 4900 9.554375 19.108750 76435.000000 1601164195966907070345720379005696770991743689613200212015856552538797604755449625303502765238833580053289604535895700232882511146679174081342353424412387976804951589388288.000000 
80 0 4000  6320 80 6400 9.543750 19.087500 76350.000000 40.500309 
80 5 4000  5935 465 6400 12.424250 24.848500 99394.000000 69236155677034648160448774486317811744000522306741422829493371236562921276186736055286885901437196484579901458704236609452946955588856107074698004556262509388721095280656880283000195535339520.000000 
80 10 4000  5575 825 6400 12.406375 24.812750 99251.000000 110972515759526644820879538108055463664356804494269844862405470695212248278341883798289292673971009127702475177125512784019045117987111925923855075414437406918674024852269844646167311848308736.000000 
80 15 4000  5240 1160 6400 13.617250 27.234500 108938.000000 307507053933820960445092836384705041801255298192354057324943194298734688402652413745633538111238492776741796503132694346489490666492271726653263642425708013627988055929680841594122687114903552.000000 
80 20 4000  4930 1470 6400 15.291875 30.583750 122335.000000 263069440938903353795277604589205411634930623225973961048217925963930440895849821426483280378417780342991733732302017879329451321416225572243573627173930962815230200491692040108646366827249664.000000 
80 25 4000  4645 1755 6400 15.132500 30.265000 121060.000000 80561161009141406288586308832247844170601277708334962193488273206805026837372290050022410214367663060067011679602570017191234456344937246877440499121466251328664193338128520098505681377689600.000000 
80 30 4000  4385 2015 6400 15.080500 30.161000 120644.000000 353741171338374766616295743084161288086647965845941281880620359503294868161978454291349627806953365123810961317397006625464246296346949602989084049724189909010322891205784333926286558303879168.000000 
80 35 4000  4150 2250 6400 13.626375 27.252750 109011.000000 322769148878214729277411918759479125311768035860747077404956843467823903950272826756901509572378461707515145258252747922006382447650883137057846797313934836389714299444391269441519835051720704.000000 
80 40 4000  3940 2460 6400 11.760000 23.520000 94080.000000 362278141436536421439388107163128060817743155185681109950196207404479006305967037627420968376971472187873324150340881606014596908194838078321798419277637684727611313541217736014183027397623808.000000 
80 45 4000  3755 2645 6400 11.418375 22.836750 91347.000000 234322990915280211118248421516328177170281443671641534073579366701455108719653437728242270727369666585747651883930463321399811518583163773561398846765160519426424039518211025093331172835983360.000000 
80 50 4000  3595 2805 6400 15.074125 30.148250 120593.000000 176824860077103632383517032266373800559173988219551772731900197803487509077821301636558168827120121390755669005549061764670942990375019219912242459299372430650742646895374647497240045724631040.000000 
80 55 4000  3460 2940 6400 12.428000 24.856000 99424.000000 192593353874520547485149632187327604963077896248396891901066761088107812135848752784879876488127997183486242218202632449344080570663054732547406410257754428200013246303374500031936191736578048.000000 
80 60 4000  3350 3050 6400 13.618250 27.236500 108946.000000 180587353310552765037579802992232712207439668129525590164889017335748986647992508331241676133464023437384528620634962594850751294677204226437702096141044852845790636643339163252969344709165056.000000 
80 65 4000  3265 3135 6400 24.857750 49.715500 198862.000000 291689292981164323230524620399135232357842525696706025484569322645092509150591298775134893677007372774263128701106425478720661637743413323809043810523337967245874362411598656676786287696412672.000000 
80 70 4000  3205 3195 6400 10.872750 21.745500 86982.000000 47193651221797634522518355268508210271918464545786256395801540832796389544752531759160724892375881093786049332389885019529591529885055789571628445801785178999345629974851453595888293437767680.000000 
80 75 4000  3170 3230 6400 13.621375 27.242750 108971.000000 355927241778012699646895950492466864719073921023759538942441731566462960392508641333527033718207648537736124728996250453180063062403261630125202215104101808416580996911051287528114798379139072.000000 
80 80 4000  3160 3240 6400 13.613250 27.226500 108906.000000 322382893513840603905416152759647054990839937019570391870218782502745629620389124037940218722268886316389380353869314054314830713841258460463817194919758695425911811272644754044833716886306816.000000 
90 0 4000  8010 90 8100 7.893125 15.786250 63145.000000 47.495497 
90 5 4000  7575 525 8100 24.703375 49.406750 197627.000000 1538327693310622853466276617186208414051815551307145954342698181810978109019219225357033194572904980255880462840608359556965202644479995424941929826108138747510689680518351961834213247573711297962195085328121856.000000 
90 10 4000  7165 935 8100 14.969000 29.938000 119752.000000 8172094774042694113333186465195007073798434787117128673218617798902565243048286431287335013610816416505383402937611900492686180962435430172714401822535516354016892332624149609963761492144172565518362898482593792.000000 
90 15 4000  6780 1320 8100 14.981750 29.963500 119854.000000 14935286150969871621236320103827832619928889194386015385939304090945350777182462665698616842506575224759558717870540377102034834419049123071130995593476822288731410431746528400576570800734878275362581167193718784.000000 
90 20 4000  6420 1680 8100 24.685875 49.371750 197487.000000 10764947966218627582970580739587964143349615349317926529925466874464564071324822675504645039636192413163864042263474015910383076394265385984364022186551154711454450937779667771831476034737519772314407740364554240.000000 
90 25 4000  6085 2015 8100 11.048625 22.097250 88389.000000 13058630981998252314573241132305814572006685569469676221662213047008064670062887254048580126556089369440328848302296384105444872544761956023140963905014824376333803774523669165090890906475407001960022678314156032.000000 
90 30 4000  5775 2325 8100 13.538625 27.077250 108309.000000 4795313968819921693879663090679287200391059027669250590925589830625971681311399548040927589123374225918390867842803041848165908589908556009900055511373504767163223167480154288596060331868344278531954034352324608.000000 
90 35 4000  5490 2610 8100 10.501375 21.002750 84011.000000 11903733349154854132097049058865899381883538966339599893022144521154267541723802477429251827079815265743291906796918468417071548933912068676267024907150148636118174207924143793830444603148787004554574197851947008.000000 
90 40 4000  5230 2870 8100 11.632875 23.265750 93063.000000 8249331620887748763068412289612072509763531598935496978156665033219289495254526903051665518452872305926043651978165421909456820402430092772325419678015263846621906819506355392046863677392062995266117439259148288.000000 
90 45 4000  4995 3105 8100 13.544500 27.089000 108356.000000 8636872987337710280452152569735308719939014160375650366905935796907508548244195192820993577927657251739875161681130451949773520703669513492435356468961019981772707596294099775293189685889285178590688761924812800.000000 
90 50 4000  4785 3315 8100 15.351375 30.702750 122811.000000 7940827714974498481821094795957700170592330142934227778180081859751668312841922790329296687992211245372371063001917540321024963527627629653313840307183898679520226889958400861843000891634915490562271196968124416.000000 
90 55 4000  4600 3500 8100 14.983625 29.967250 119869.000000 10742748213781242457738245257340327412210406673715466808076761818123013685223733252568604005158988750972508371627071524048757621325401942227099304680108964609306632702789473303532543757271646833815289380953128960.000000 
90 60 4000  4440 3660 8100 15.000500 30.001000 120004.000000 1355768602025159471359536309906603772190294537379264100390570565045124630957015581089616888114760177286735295904015095741936148777999117719588748633072832074374862718161074018433238246323757425466838864147513344.000000 
90 65 4000  4305 3795 8100 13.540500 27.081000 108324.000000 12758551683374540046739172011443240123510888475774541675421431678635125296519663746014792601385519244872427978798046148580449033479923567981677022391366101460915070223904345841777441525026597720015009762494119936.000000 
90 70 4000  4195 3905 8100 12.726875 25.453750 101815.000000 18923327129963562159198409470648347653051215860421123660727004626679346719285421335443054757490337777373751661004452994362011086879518769430329575667374939645280029511734116592957574796161115927023597859115106304.000000 
90 75 4000  4110 3990 8100 13.551750 27.103500 108414.000000 2053281758690359136595801287672282692531426811086077291881193121566599930893124349307563845316954277811515826929142666960991873190021225489800548128192466306446459401987973105808557685208488473794001904542416896.000000 
90 80 4000  4050 4050 8100 15.001500 30.003000 120012.000000 12765075292455462048889807961975029240751394794966177305326354292775746287086827984086586631084435914115348212086440847865061919789086339449609045640299869249577701997393225580298839844732718550336390836552466432.000000 
90 85 4000  4015 4085 8100 13.543875 27.087750 108351.000000 20836276643273442565769648228002939655626033910750825863442302979597544932354800123877861782106550368962474772956575271716538247172928598749995738851956822217339822426156299056618323937831876062089105977685049344.000000 
90 90 4000  4005 4095 8100 10.503125 21.006250 84025.000000 2491827079678904881791623833309561453543139157725319488372877024491413462184188243904153724318701264120169252625289123767682392272897026491406422691213192546006521294968577890370195890251802599506858375125139456.000000 
100 0 4000  9900 100 10000 9.107875 18.215750 72863.000000 51.760012 
100 5 4000  9415 585 10000 13.245000 26.490000 105960.000000 384277893633280246751911178736127254506012151482238299931518757301761333127597371616791733798898245113354429016907125342032686707487766818702310561933327501639852355452904932147804623682126619839379475575056500003560823786389372928.000000 
100 10 4000  8955 1045 10000 15.471375 30.942750 123771.000000 243414191309220279657011781649437797621686788183370749434779010087279094079324588281894365668196308228266347100247238116443861331552053662863204155762588158289340759419686918435228605573818935927278354648132463464015729167532294144.000000 
100 15 4000  8520 1480 10000 11.096500 22.193000 88772.000000 228244742343469308627535316256039997751878786296366084224755301641774840833843292425519869731968991306677201844079734681476063953236817808639913407779496496433377495598296296314297399156546051694081029906708446319892843122883821568.000000 
100 20 4000  8110 1890 10000 15.453625 30.907250 123629.000000 206521890996354519696773500423778681867380180776407928107037007183368713381930196316155495723179368523234783074934443871012709080492852043939672366288846290548783011336958939884098347852180326748037509296245865419501724289313275904.000000 
100 25 4000  7725 2275 10000 15.543000 31.086000 124344.000000 51092728499886574781148636413656883273256247431326169148041573150202927393590611907223914779006928551055365474720956133824091459093726217447885426182059310577025018656269440723600036666692078310207890877543586041030315471798272000.000000 
100 30 4000  7365 2635 10000 10.817250 21.634500 86538.000000 152724218420833429295445853808689581493233156895008597802914408641660898016630469644401639581065816352230278754899584555110443567019575602110423750011854514690861893546062449660987688784481574358235860631962977844111943450595688448.000000 
100 35 4000  7030 2970 10000 15.438500 30.877000 123508.000000 35095790941876734947060296489732309557446130643765528484806285037557190965096562785834376450173379828128613573540534677305679910291824727683379485618500599972162884878072921190193097566985608235215804570895298353610148446835048448.000000 
100 40 4000  6720 3280 10000 13.952375 27.904750 111619.000000 488530290100583762514122148608926676455017598205673994386823753937664489081283028934466931926560059040757309551501962686785482673555267732711726195084569863226967040271588079284143924169856570645788144944538316521470544014139719680.000000 
100 45 4000  6435 3565 10000 11.086375 22.172750 88691.000000 156363506516101446937095939326229001033518525489426248452444298823862797706630963020386446611506199075861690767008160758924703178528859769680228869179116247054811713394037672899918775690523286197750141501744075319693848715403984896.000000 
100 50 4000  6175 3825 10000 15.436750 30.873500 123494.000000 40226730882027416838412545306373650297047457287573635349508509615950133751004090353027011042589661632578966561324463521547367384661693964834413648367719623476243897538406810656975916551789553873846351283898260894590098520556961792.000000 
100 55 4000  5940 4060 10000 13.953375 27.906750 111627.000000 45189977596729657085806669953592678279036468704278244958383444339563094066221471450298054615519614235516874043936285646700672459608170649997211135125760880690110082377909797815435530022837513018712585391827316745382617425125572608.000000 
100 60 4000  5730 4270 10000 12.718000 25.436000 101744.000000 460630368493145442343138785154269601844371288858873127573104767385406892079126941664885645177588229744079216540946916868016869755729836907450580591508639247680780855075855552179836829399752620023661219700401700670719033707176394752.000000 
100 65 4000  5545 4455 10000 11.083500 22.167000 88668.000000 241730031312840632432435415114105382725813288040704719457508437048675757643750196983045683249898847915305556757877167372663761506063007642319092914959134914757159937982793442697735037021613258790002237172832977531319922341938462720.000000 
100 70 4000  5385 4615 10000 13.939000 27.878000 111512.000000 50525928699466204397505818645698742033344617951045523911555270146424994483047056240022541523416479475080231239517507217526313350817751128155055047830832998085344933816316478126735512616797466949058388763483984780319020631780753408.000000 
100 75 4000  5250 4750 10000 13.950625 27.901250 111605.000000 164526849763932670952781871804527428259302202789547185032204782993504505328779265283481920501065121703381914413172664505997345184660700130903141703575124749273000069694519025183759056996859263255663384273016482593521444251152416768.000000 
100 80 4000  5140 4860 10000 14.125375 28.250750 113003.000000 25732843374030693906713223535645028927150046474090417079523193438483183146038840713212313691597396368416296279706271050745780700946561082824692375450451936906589670279057603146095060841327994157264376706630880903019319721786867712.000000 
100 85 4000  5055 4945 10000 15.618375 31.236750 124947.000000 173560569098207814581298001480610277783354404315062054518728531290155214324714403863548447180498000452806243747265389959394278461189991712218435504418332878560612800665543244652542628903732625995328690351722315518144137658049232896.000000 
100 90 4000  4995 5005 10000 17.244375 34.488750 137955.000000 49014366682322603718469505476733872604219186936271157983380019214353704908302117876586942883417755515388900169860596977620391744844185572443336194132234598516993946498552631450527278026845574990956062126927828556557171387220885504.000000 
100 95 4000  4960 5040 10000 15.453875 30.907750 123631.000000 119357132219215680976258214149845551450874235780100201995411275990889750497229048293882701764604396624619193009255534904772058515785238158106394523219465050914936913991882560838199712499938424567119211571577751336590040966923026432.000000 
100 100 4000  4950 5050 10000 14.411500 28.823000 115292.000000 373675493150194894478786419102786260311617313877930172706046346754953611504339043701085663639054725390651427314699931714259517412400797565519415041528047709816910521327836503688095240741078995315194202473649633967405743494215499776.000000 
100 0 4000  9900 100 10000 9.727375 19.454750 77819.000000 46.599278 
100 20 4000  8110 1890 10000 12.721250 25.442500 101770.000000 454245709925702457756235655598242007974504809454376585529112981279050959338244587331028914132706939386864713262118313527123948475508598879211710992252173875557661445953719560132780472668330800432820512045998155888946043337272459264.000000 
100 40 4000  6720 3280 10000 11.093750 22.187500 88750.000000 266844124280911113574006686410407834244447520430917895602431881620803804050419128690589700008247045403215495552409105325045064061217531238775107997504985600700315528453042581417607366656964468634763255674038886746629430022445727744.000000 
100 60 4000  5730 4270 10000 11.090250 22.180500 88722.000000 22214027312828619481017941959216005866146594304105256316980488748867760893770276028505500504073847016514569249268525234267810314409381030618606911650657133759176965281704899195427528461188306624759649673518341421498927076027138048.000000 
100 80 4000  5140 4860 10000 11.683000 23.366000 93464.000000 228774024368053671657124380875482323902694978709173983138135453532346938035062256403724723512238142862417478403911016072311768580112772659257764289985977002730883956203661799139125059107331198033874413246328948324167972156308717568.000000 
100 100 4000  4950 5050 10000 11.091625 22.183250 88733.000000 390677769701250980040230560418168369756301406738484294731670718632946859576458194982719477553382089366563510001302182374832072794155897213100605624817079984642009794106675991908011678969881291976895713563286995837120006467602087936.000000 
200 0 4000  39800 200 40000 21.313500 42.627000 170508.000000 98.909651 
200 20 4000  36010 3990 40000 17.333375 34.666750 138667.000000 inf 
200 40 4000  32620 7380 40000 24.754875 49.509750 198039.000000 inf 
200 60 4000  29630 10370 40000 25.577500 51.155000 204620.000000 inf 
200 80 4000  27040 12960 40000 19.554750 39.109500 156438.000000 inf 
200 100 4000  24850 15150 40000 22.374875 44.749750 178999.000000 inf 
200 120 4000  23060 16940 40000 24.772375 49.544750 198179.000000 inf 
200 140 4000  21670 18330 40000 24.764500 49.529000 198116.000000 inf 
200 160 4000  20680 19320 40000 19.820750 39.641500 158566.000000 inf 
200 180 4000  20090 19910 40000 25.936750 51.873500 207494.000000 inf 
200 200 4000  19900 20100 40000 22.361625 44.723250 178893.000000 inf 
300 0 4000  89700 300 90000 27.925125 55.850250 223401.000000 148.217348 
300 20 4000  83910 6090 90000 33.381750 66.763500 267054.000000 inf 
300 40 4000  78520 11480 90000 25.380500 50.761000 203044.000000 inf 
300 60 4000  73530 16470 90000 32.752875 65.505750 262023.000000 inf 
300 80 4000  68940 21060 90000 27.474750 54.949500 219798.000000 inf 
300 100 4000  64750 25250 90000 25.245375 50.490750 201963.000000 inf 
300 120 4000  60960 29040 90000 23.954500 47.909000 191636.000000 inf 
300 140 4000  57570 32430 90000 33.354000 66.708000 266832.000000 inf 
300 160 4000  54580 35420 90000 25.371000 50.742000 202968.000000 inf 
300 180 4000  51990 38010 90000 30.129750 60.259500 241038.000000 inf 
300 200 4000  49800 40200 90000 30.127500 60.255000 241020.000000 inf 
300 220 4000  48010 41990 90000 33.435500 66.871000 267484.000000 inf 
300 240 4000  46620 43380 90000 30.129000 60.258000 241032.000000 inf 
300 260 4000  45630 44370 90000 33.358000 66.716000 266864.000000 inf 
300 280 4000  45040 44960 90000 30.129000 60.258000 241032.000000 inf 
300 300 4000  44850 45150 90000 23.950375 47.900750 191603.000000 inf 
400 0 4000  159600 400 160000 40.664000 81.328000 325312.000000 202.218737 
400 20 4000  151810 8190 160000 40.730125 81.460250 325841.000000 inf 
400 40 4000  144420 15580 160000 34.121500 68.243000 272972.000000 inf 
400 60 4000  137430 22570 160000 44.939875 89.879750 359519.000000 inf 
400 80 4000  130840 29160 160000 40.754125 81.508250 326033.000000 inf 
400 100 4000  124650 35350 160000 45.098375 90.196750 360787.000000 inf 
400 120 4000  118860 41140 160000 33.232000 66.464000 265856.000000 inf 
400 140 4000  113470 46530 160000 34.128750 68.257500 273030.000000 inf 
400 160 4000  108480 51520 160000 32.384250 64.768500 259074.000000 inf 
400 180 4000  103890 56110 160000 45.099125 90.198250 360793.000000 inf 
400 200 4000  99700 60300 160000 45.099625 90.199250 360797.000000 inf 
400 220 4000  95910 64090 160000 37.841375 75.682750 302731.000000 inf 
400 240 4000  92520 67480 160000 40.731875 81.463750 325855.000000 inf 
400 260 4000  89530 70470 160000 32.374000 64.748000 258992.000000 inf 
400 280 4000  86940 73060 160000 45.098750 90.197500 360790.000000 inf 
400 300 4000  84750 75250 160000 40.737250 81.474500 325898.000000 inf 
400 320 4000  82960 77040 160000 40.732000 81.464000 325856.000000 inf 
400 340 4000  81570 78430 160000 36.447250 72.894500 291578.000000 inf 
400 360 4000  80580 79420 160000 45.106750 90.213500 360854.000000 inf 
400 380 4000  79990 80010 160000 36.438500 72.877000 291508.000000 inf 
400 400 4000  79800 80200 160000 32.321000 64.642000 258568.000000 inf 
500 0 4000  249500 500 250000 35.091000 70.182000 280728.000000 249.873424 
500 20 4000  239710 10290 250000 47.936500 95.873000 383492.000000 inf 
500 40 4000  230320 19680 250000 47.528750 95.057500 380230.000000 inf 
500 60 4000  221330 28670 250000 52.688750 105.377500 421510.000000 inf 
500 80 4000  212740 37260 250000 47.523375 95.046750 380187.000000 inf 
500 100 4000  204550 45450 250000 47.938875 95.877750 383511.000000 inf 
500 120 4000  196760 53240 250000 43.391375 86.782750 347131.000000 inf 
500 140 4000  189370 60630 250000 38.101500 76.203000 304812.000000 inf 
500 160 4000  182380 67620 250000 47.593250 95.186500 380746.000000 inf 
500 180 4000  175790 74210 250000 52.705750 105.411500 421646.000000 inf 
500 200 4000  169600 80400 250000 52.623125 105.246250 420985.000000 inf 
500 220 4000  163810 86190 250000 40.169000 80.338000 321352.000000 inf 
500 240 4000  158420 91580 250000 52.660625 105.321250 421285.000000 inf 
500 260 4000  153430 96570 250000 52.619750 105.239500 420958.000000 inf 
500 280 4000  148840 101160 250000 45.718875 91.437750 365751.000000 inf 
500 300 4000  144650 105350 250000 52.631000 105.262000 421048.000000 inf 
500 320 4000  140860 109140 250000 40.146250 80.292500 321170.000000 inf 
500 340 4000  137470 112530 250000 43.422625 86.845250 347381.000000 inf 
500 360 4000  134480 115520 250000 52.703625 105.407250 421629.000000 inf 
500 380 4000  131890 118110 250000 39.815375 79.630750 318523.000000 inf 
500 400 4000  129700 120300 250000 47.947000 95.894000 383576.000000 inf 
500 420 4000  127910 122090 250000 47.534500 95.069000 380276.000000 inf 
500 440 4000  126520 123480 250000 43.342375 86.684750 346739.000000 inf 
500 460 4000  125530 124470 250000 52.615500 105.231000 420924.000000 inf 
500 480 4000  124940 125060 250000 37.779000 75.558000 302232.000000 inf 
500 500 4000  124750 125250 250000 39.829250 79.658500 318634.000000 inf 
600 0 4000  359400 600 360000 95.863750 191.727500 766910.000000 308.630022 
600 20 4000  347610 12390 360000 57.172375 114.344750 457379.000000 inf 
600 40 4000  336220 23780 360000 44.310000 88.620000 354480.000000 inf 
600 60 4000  325230 34770 360000 57.178875 114.357750 457431.000000 inf 
600 80 4000  314640 45360 360000 57.161875 114.323750 457295.000000 inf 
600 100 4000  304450 55550 360000 45.447750 90.895500 363582.000000 inf 
600 120 4000  294660 65340 360000 63.296375 126.592750 506371.000000 inf 
600 140 4000  285270 74730 360000 49.232125 98.464250 393857.000000 inf 
600 160 4000  276280 83720 360000 47.923750 95.847500 383390.000000 inf 
600 180 4000  267690 92310 360000 57.165625 114.331250 457325.000000 inf 
600 200 4000  259500 100500 360000 58.131250 116.262500 465050.000000 inf 
600 220 4000  251710 108290 360000 58.705750 117.411500 469646.000000 inf 
600 240 4000  244320 115680 360000 63.296125 126.592250 506369.000000 inf 
600 260 4000  237330 122670 360000 49.451875 98.903750 395615.000000 inf 
600 280 4000  230740 129260 360000 57.164250 114.328500 457314.000000 inf 
600 300 4000  224550 135450 360000 65.173000 130.346000 521384.000000 inf 
600 320 4000  218760 141240 360000 57.166875 114.333750 457335.000000 inf 
600 340 4000  213370 146630 360000 44.301250 88.602500 354410.000000 inf 
600 360 4000  208380 151620 360000 63.299750 126.599500 506398.000000 inf 
600 380 4000  203790 156210 360000 63.279500 126.559000 506236.000000 inf 
600 400 4000  199600 160400 360000 47.130750 94.261500 377046.000000 inf 
600 420 4000  195810 164190 360000 52.121500 104.243000 416972.000000 inf 
600 440 4000  192420 167580 360000 63.336500 126.673000 506692.000000 inf 
600 460 4000  189430 170570 360000 63.913375 127.826750 511307.000000 inf 
600 480 4000  186840 173160 360000 71.633875 143.267750 573071.000000 inf 
600 500 4000  184650 175350 360000 57.167500 114.335000 457340.000000 inf 
600 520 4000  182860 177140 360000 99.491000 198.982000 795928.000000 inf 
600 540 4000  181470 178530 360000 49.351500 98.703000 394812.000000 inf 
600 560 4000  180480 179520 360000 45.441000 90.882000 363528.000000 inf 
600 580 4000  179890 180110 360000 63.296375 126.592750 506371.000000 inf 
600 600 4000  179700 180300 360000 57.260250 114.520500 458082.000000 inf 
700 0 4000  489300 700 490000 47.951500 95.903000 383612.000000 349.190629 
700 20 4000  475510 14490 490000 63.703750 127.407500 509630.000000 inf 
700 40 4000  462120 27880 490000 70.525875 141.051750 564207.000000 inf 
700 60 4000  449130 40870 490000 50.636875 101.273750 405095.000000 inf 
700 80 4000  436540 53460 490000 71.040625 142.081250 568325.000000 inf 
700 100 4000  424350 65650 490000 70.534250 141.068500 564274.000000 inf 
700 120 4000  412560 77440 490000 53.366125 106.732250 426929.000000 inf 
700 140 4000  401170 88830 490000 63.710750 127.421500 509686.000000 inf 
700 160 4000  390180 99820 490000 53.764875 107.529750 430119.000000 inf 
700 180 4000  379590 110410 490000 53.370250 106.740500 426962.000000 inf 
700 200 4000  369400 120600 490000 63.702125 127.404250 509617.000000 inf 
700 220 4000  359610 130390 490000 70.531375 141.062750 564251.000000 inf 
700 240 4000  350220 139780 490000 50.629750 101.259500 405038.000000 inf 
700 260 4000  341230 148770 490000 59.952000 119.904000 479616.000000 inf 
700 280 4000  332640 157360 490000 72.269875 144.539750 578159.000000 inf 
700 300 4000  324450 165550 490000 50.635250 101.270500 405082.000000 inf 
700 320 4000  316660 173340 490000 73.566875 147.133750 588535.000000 inf 
700 340 4000  309270 180730 490000 53.377625 106.755250 427021.000000 inf 
700 360 4000  302280 187720 490000 53.368250 106.736500 426946.000000 inf 
700 380 4000  295690 194310 490000 52.363500 104.727000 418908.000000 inf 
700 400 4000  289500 200500 490000 60.107875 120.215750 480863.000000 inf 
700 420 4000  283710 206290 490000 57.610375 115.220750 460883.000000 inf 
700 440 4000  278320 211680 490000 63.712500 127.425000 509700.000000 inf 
700 460 4000  273330 216670 490000 63.740625 127.481250 509925.000000 inf 
700 480 4000  268740 221260 490000 63.703250 127.406500 509626.000000 inf 
700 500 4000  264550 225450 490000 63.706125 127.412250 509649.000000 inf 
700 520 4000  260760 229240 490000 71.047125 142.094250 568377.000000 inf 
700 540 4000  257370 232630 490000 63.705000 127.410000 509640.000000 inf 
700 560 4000  254380 235620 490000 51.091250 102.182500 408730.000000 inf 
700 580 4000  251790 238210 490000 59.844875 119.689750 478759.000000 inf 
700 600 4000  249600 240400 490000 49.371125 98.742250 394969.000000 inf 
700 620 4000  247810 242190 490000 70.523500 141.047000 564188.000000 inf 
700 640 4000  246420 243580 490000 50.657000 101.314000 405256.000000 inf 
700 660 4000  245430 244570 490000 49.381500 98.763000 395052.000000 inf 
700 680 4000  244840 245160 490000 70.531625 141.063250 564253.000000 inf 
700 700 4000  244650 245350 490000 50.690375 101.380750 405523.000000 inf 
800 0 4000  639200 800 640000 54.645375 109.290750 437163.000000 402.403356 
800 20 4000  623410 16590 640000 57.323625 114.647250 458589.000000 inf 
800 40 4000  608020 31980 640000 58.017375 116.034750 464139.000000 inf 
800 60 4000  593030 46970 640000 57.318500 114.637000 458548.000000 inf 
800 80 4000  578440 61560 640000 60.589125 121.178250 484713.000000 inf 
800 100 4000  564250 75750 640000 57.327875 114.655750 458623.000000 inf 
800 120 4000  550460 89540 640000 66.186250 132.372500 529490.000000 inf 
800 140 4000  537070 102930 640000 60.430000 120.860000 483440.000000 inf 
800 160 4000  524080 115920 640000 68.673875 137.347750 549391.000000 inf 
800 180 4000  511490 128510 640000 57.659250 115.318500 461274.000000 inf 
800 200 4000  499300 140700 640000 57.319875 114.639750 458559.000000 inf 
800 220 4000  487510 152490 640000 57.324250 114.648500 458594.000000 inf 
800 240 4000  476120 163880 640000 83.141875 166.283750 665135.000000 inf 
800 260 4000  465130 174870 640000 72.114625 144.229250 576917.000000 inf 
800 280 4000  454540 185460 640000 65.752000 131.504000 526016.000000 inf 
800 300 4000  444350 195650 640000 57.458125 114.916250 459665.000000 inf 
800 320 4000  434560 205440 640000 57.325250 114.650500 458602.000000 inf 
800 340 4000  425170 214830 640000 57.326375 114.652750 458611.000000 inf 
800 360 4000  416180 223820 640000 60.426500 120.853000 483412.000000 inf 
800 380 4000  407590 232410 640000 57.374500 114.749000 458996.000000 inf 
800 400 4000  399400 240600 640000 79.843750 159.687500 638750.000000 inf 
800 420 4000  391610 248390 640000 72.188375 144.376750 577507.000000 inf 
800 440 4000  384220 255780 640000 57.324875 114.649750 458599.000000 inf 
800 460 4000  377230 262770 640000 57.372625 114.745250 458981.000000 inf 
800 480 4000  370640 269360 640000 79.842625 159.685250 638741.000000 inf 
800 500 4000  364450 275550 640000 57.334375 114.668750 458675.000000 inf 
800 520 4000  358660 281340 640000 60.421000 120.842000 483368.000000 inf 
800 540 4000  353270 286730 640000 57.341750 114.683500 458734.000000 inf 
800 560 4000  348280 291720 640000 60.420500 120.841000 483364.000000 inf 
800 580 4000  343690 296310 640000 57.328125 114.656250 458625.000000 inf 
800 600 4000  339500 300500 640000 72.131250 144.262500 577050.000000 inf 
800 620 4000  335710 304290 640000 79.832875 159.665750 638663.000000 inf 
800 640 4000  332320 307680 640000 60.807875 121.615750 486463.000000 inf 
800 660 4000  329330 310670 640000 79.852375 159.704750 638819.000000 inf 
800 680 4000  326740 313260 640000 72.111875 144.223750 576895.000000 inf 
800 700 4000  324550 315450 640000 60.426625 120.853250 483413.000000 inf 
800 720 4000  322760 317240 640000 57.332875 114.665750 458663.000000 inf 
800 740 4000  321370 318630 640000 66.131000 132.262000 529048.000000 inf 
800 760 4000  320380 319620 640000 78.324875 156.649750 626599.000000 inf 
800 780 4000  319790 320210 640000 57.324000 114.648000 458592.000000 inf 
800 800 4000  319600 320400 640000 57.382250 114.764500 459058.000000 inf 
900 0 4000  809100 900 810000 70.883000 141.766000 567064.000000 453.716314 
900 20 4000  791310 18690 810000 89.186250 178.372500 713490.000000 inf 
900 40 4000  773920 36080 810000 105.894375 211.788750 847155.000000 inf 
900 60 4000  756930 53070 810000 79.990750 159.981500 639926.000000 inf 
900 80 4000  740340 69660 810000 63.585375 127.170750 508683.000000 inf 
900 100 4000  724150 85850 810000 88.971500 177.943000 711772.000000 inf 
900 120 4000  708360 101640 810000 63.589250 127.178500 508714.000000 inf 
900 140 4000  692970 117030 810000 63.597875 127.195750 508783.000000 inf 
900 160 4000  677980 132020 810000 79.997375 159.994750 639979.000000 inf 
900 180 4000  663390 146610 810000 88.976000 177.952000 711808.000000 inf 
900 200 4000  649200 160800 810000 80.495000 160.990000 643960.000000 inf 
900 220 4000  635410 174590 810000 68.833625 137.667250 550669.000000 inf 
900 240 4000  622020 187980 810000 79.985000 159.970000 639880.000000 inf 
900 260 4000  609030 200970 810000 79.986625 159.973250 639893.000000 inf 
900 280 4000  596440 213560 810000 79.987875 159.975750 639903.000000 inf 
900 300 4000  584250 225750 810000 88.555125 177.110250 708441.000000 inf 
900 320 4000  572460 237540 810000 88.571875 177.143750 708575.000000 inf 
900 340 4000  561070 248930 810000 72.211750 144.423500 577694.000000 inf 
900 360 4000  550080 259920 810000 75.811000 151.622000 606488.000000 inf 
900 380 4000  539490 270510 810000 65.880250 131.760500 527042.000000 inf 
900 400 4000  529300 280700 810000 63.579875 127.159750 508639.000000 inf 
900 420 4000  519510 290490 810000 88.555500 177.111000 708444.000000 inf 
900 440 4000  510120 299880 810000 65.283125 130.566250 522265.000000 inf 
900 460 4000  501130 308870 810000 63.584625 127.169250 508677.000000 inf 
900 480 4000  492540 317460 810000 61.999125 123.998250 495993.000000 inf 
900 500 4000  484350 325650 810000 63.629875 127.259750 509039.000000 inf 
900 520 4000  476560 333440 810000 71.606750 143.213500 572854.000000 inf 
900 540 4000  469170 340830 810000 63.817500 127.635000 510540.000000 inf 
900 560 4000  462180 347820 810000 73.253375 146.506750 586027.000000 inf 
900 580 4000  455590 354410 810000 77.262000 154.524000 618096.000000 inf 
900 600 4000  449400 360600 810000 63.587875 127.175750 508703.000000 inf 
900 620 4000  443610 366390 810000 63.887625 127.775250 511101.000000 inf 
900 640 4000  438220 371780 810000 88.563625 177.127250 708509.000000 inf 
900 660 4000  433230 376770 810000 122.348500 244.697000 978788.000000 inf 
900 680 4000  428640 381360 810000 88.952125 177.904250 711617.000000 inf 
900 700 4000  424450 385550 810000 79.999125 159.998250 639993.000000 inf 
900 720 4000  420660 389340 810000 88.574375 177.148750 708595.000000 inf 
900 740 4000  417270 392730 810000 63.842125 127.684250 510737.000000 inf 
900 760 4000  414280 395720 810000 79.985875 159.971750 639887.000000 inf 
900 780 4000  411690 398310 810000 73.325875 146.651750 586607.000000 inf 
900 800 4000  409500 400500 810000 88.903500 177.807000 711228.000000 inf 
900 820 4000  407710 402290 810000 88.570500 177.141000 708564.000000 inf 
900 840 4000  406320 403680 810000 88.556125 177.112250 708449.000000 inf 
900 860 4000  405330 404670 810000 68.064125 136.128250 544513.000000 inf 
900 880 4000  404740 405260 810000 88.969000 177.938000 711752.000000 inf 
900 900 4000  404550 405450 810000 80.314750 160.629500 642518.000000 inf 
1000 0 4000  999000 1000 1000000 94.005250 188.010500 752042.000000 497.415382 
1000 20 4000  979210 20790 1000000 95.048250 190.096500 760386.000000 inf 
1000 40 4000  959820 40180 1000000 97.747250 195.494500 781978.000000 inf 
1000 60 4000  940830 59170 1000000 88.285500 176.571000 706284.000000 inf 
1000 80 4000  922240 77760 1000000 97.861625 195.723250 782893.000000 inf 
1000 100 4000  904050 95950 1000000 72.026125 144.052250 576209.000000 inf 
1000 120 4000  886260 113740 1000000 70.502875 141.005750 564023.000000 inf 
1000 140 4000  868870 131130 1000000 88.703375 177.406750 709627.000000 inf 
1000 160 4000  851880 148120 1000000 70.325625 140.651250 562605.000000 inf 
1000 180 4000  835290 164710 1000000 73.651875 147.303750 589215.000000 inf 
1000 200 4000  819100 180900 1000000 73.970500 147.941000 591764.000000 inf 
1000 220 4000  803310 196690 1000000 70.186125 140.372250 561489.000000 inf 
1000 240 4000  787920 212080 1000000 80.977500 161.955000 647820.000000 inf 
1000 260 4000  772930 227070 1000000 74.073000 148.146000 592584.000000 inf 
1000 280 4000  758340 241660 1000000 74.315500 148.631000 594524.000000 inf 
1000 300 4000  744150 255850 1000000 80.218250 160.436500 641746.000000 inf 
1000 320 4000  730360 269640 1000000 70.190625 140.381250 561525.000000 inf 
1000 340 4000  716970 283030 1000000 97.776250 195.552500 782210.000000 inf 
1000 360 4000  703980 296020 1000000 68.425375 136.850750 547403.000000 inf 
1000 380 4000  691390 308610 1000000 70.192500 140.385000 561540.000000 inf 
1000 400 4000  679200 320800 1000000 81.203625 162.407250 649629.000000 inf 
1000 420 4000  667410 332590 1000000 70.182000 140.364000 561456.000000 inf 
1000 440 4000  656020 343980 1000000 88.428625 176.857250 707429.000000 inf 
1000 460 4000  645030 354970 1000000 70.202625 140.405250 561621.000000 inf 
1000 480 4000  634440 365560 1000000 76.293000 152.586000 610344.000000 inf 
1000 500 4000  624250 375750 1000000 80.600375 161.200750 644803.000000 inf 
1000 520 4000  614460 385540 1000000 97.837000 195.674000 782696.000000 inf 
1000 540 4000  605070 394930 1000000 88.301000 176.602000 706408.000000 inf 
1000 560 4000  596080 403920 1000000 98.211000 196.422000 785688.000000 inf 
1000 580 4000  587490 412510 1000000 70.186750 140.373500 561494.000000 inf 
1000 600 4000  579300 420700 1000000 70.512125 141.024250 564097.000000 inf 
1000 620 4000  571510 428490 1000000 80.628625 161.257250 645029.000000 inf 
1000 640 4000  564120 435880 1000000 88.696500 177.393000 709572.000000 inf 
1000 660 4000  557130 442870 1000000 73.980875 147.961750 591847.000000 inf 
1000 680 4000  550540 449460 1000000 88.297500 176.595000 706380.000000 inf 
1000 700 4000  544350 455650 1000000 97.872000 195.744000 782976.000000 inf 
1000 720 4000  538560 461440 1000000 98.213250 196.426500 785706.000000 inf 
1000 740 4000  533170 466830 1000000 70.519125 141.038250 564153.000000 inf 
1000 760 4000  528180 471820 1000000 152.797000 305.594000 1222376.000000 inf 
1000 780 4000  523590 476410 1000000 88.295500 176.591000 706364.000000 inf 
1000 800 4000  519400 480600 1000000 70.378125 140.756250 563025.000000 inf 
1000 820 4000  515610 484390 1000000 88.302625 176.605250 706421.000000 inf 
1000 840 4000  512220 487780 1000000 70.176875 140.353750 561415.000000 inf 
1000 860 4000  509230 490770 1000000 71.329875 142.659750 570639.000000 inf 
1000 880 4000  506640 493360 1000000 80.494875 160.989750 643959.000000 inf 
1000 900 4000  504450 495550 1000000 70.697750 141.395500 565582.000000 inf 
1000 920 4000  502660 497340 1000000 88.286250 176.572500 706290.000000 inf 
1000 940 4000  501270 498730 1000000 70.416000 140.832000 563328.000000 inf 
1000 960 4000  500280 499720 1000000 88.287750 176.575500 706302.000000 inf 
1000 980 4000  499690 500310 1000000 147.302875 294.605750 1178423.000000 inf 
1000 1000 4000  499500 500500 1000000 72.105750 144.211500 576846.000000 inf 
