10 0 4000  90 10 100 7.921000 15.842000 63368.000000 0.000000 
10 5 4000  55 45 100 42.752000 85.504000 342016.000000 0.000000 
10 10 4000  45 55 100 37.869750 75.739500 302958.000000 0.000000 
20 0 4000  380 20 400 12.472250 24.944500 99778.000000 0.000000 
20 5 4000  295 105 400 61.374625 122.749250 490997.000000 0.000000 
20 10 4000  235 165 400 90.152625 180.305250 721221.000000 0.000000 
20 15 4000  200 200 400 123.294500 246.589000 986356.000000 0.000000 
20 20 4000  190 210 400 117.965750 235.931500 943726.000000 0.000000 
30 0 4000  870 30 900 16.273875 32.547750 130191.000000 0.000000 
30 5 4000  735 165 900 125.779750 251.559500 1006238.000000 0.000000 
30 10 4000  625 275 900 164.371125 328.742250 1314969.000000 0.000000 
30 15 4000  540 360 900 250.593375 501.186750 2004747.000000 0.000000 
30 20 4000  480 420 900 286.701750 573.403500 2293614.000000 0.000000 
30 25 4000  445 455 900 319.372125 638.744250 2554977.000000 0.000000 
30 30 4000  435 465 900 272.402250 544.804500 2179218.000000 0.000000 
40 0 4000  1560 40 1600 22.813250 45.626500 182506.000000 0.000000 
40 5 4000  1375 225 1600 129.134125 258.268250 1033073.000000 0.000000 
40 10 4000  1215 385 1600 209.969875 419.939750 1679759.000000 0.000000 
40 15 4000  1080 520 1600 291.462125 582.924250 2331697.000000 0.000000 
40 20 4000  970 630 1600 442.273625 884.547250 3538189.000000 0.000000 
40 25 4000  885 715 1600 522.902500 1045.805000 4183220.000000 0.000000 
40 30 4000  825 775 1600 472.813000 945.626000 3782504.000000 0.000000 
40 35 4000  790 810 1600 510.651500 1021.303000 4085212.000000 0.000000 
40 40 4000  780 820 1600 657.644125 1315.288250 5261153.000000 0.000000 
50 0 4000  2450 50 2500 26.872750 53.745500 214982.000000 0.000000 
50 5 4000  2215 285 2500 215.810875 431.621750 1726487.000000 0.000000 
50 10 4000  2005 495 2500 336.716250 673.432500 2693730.000000 0.000000 
50 15 4000  1820 680 2500 405.141750 810.283500 3241134.000000 0.000000 
50 20 4000  1660 840 2500 540.158250 1080.316500 4321266.000000 0.000000 
50 25 4000  1525 975 2500 590.395375 1180.790750 4723163.000000 0.000000 
50 30 4000  1415 1085 2500 613.395375 1226.790750 4907163.000000 0.000000 
50 35 4000  1330 1170 2500 740.465375 1480.930750 5923723.000000 0.000000 
50 40 4000  1270 1230 2500 826.135625 1652.271250 6609085.000000 0.000000 
50 45 4000  1235 1265 2500 770.085125 1540.170250 6160681.000000 0.000000 
50 50 4000  1225 1275 2500 792.495875 1584.991750 6339967.000000 0.000000 
60 0 4000  3540 60 3600 33.338750 66.677500 266710.000000 0.000000 
60 5 4000  3255 345 3600 207.207750 414.415500 1657662.000000 0.000000 
60 10 4000  2995 605 3600 389.175125 778.350250 3113401.000000 0.000000 
60 15 4000  2760 840 3600 533.278375 1066.556750 4266227.000000 0.000000 
60 20 4000  2550 1050 3600 741.531500 1483.063000 5932252.000000 0.000000 
60 25 4000  2365 1235 3600 846.354750 1692.709500 6770838.000000 0.000000 
60 30 4000  2205 1395 3600 1067.365125 2134.730250 8538921.000000 0.000000 
60 35 4000  2070 1530 3600 1095.170500 2190.341000 8761364.000000 0.000000 
60 40 4000  1960 1640 3600 1236.043500 2472.087000 9888348.000000 0.000000 
60 45 4000  1875 1725 3600 1122.624375 2245.248750 8980995.000000 0.000000 
60 50 4000  1815 1785 3600 1347.293000 2694.586000 10778344.000000 0.000000 
60 55 4000  1780 1820 3600 1388.566875 2777.133750 11108535.000000 0.000000 
60 60 4000  1770 1830 3600 1176.592500 2353.185000 9412740.000000 0.000000 
70 0 4000  4830 70 4900 46.582250 93.164500 372658.000000 0.000000 
70 5 4000  4495 405 4900 236.532000 473.064000 1892256.000000 0.000000 
70 10 4000  4185 715 4900 381.273625 762.547250 3050189.000000 0.000000 
70 15 4000  3900 1000 4900 593.555500 1187.111000 4748444.000000 0.000000 
70 20 4000  3640 1260 4900 734.792625 1469.585250 5878341.000000 0.000000 
70 25 4000  3405 1495 4900 1044.785875 2089.571750 8358287.000000 0.000000 
70 30 4000  3195 1705 4900 1055.403500 2110.807000 8443228.000000 0.000000 
70 35 4000  3010 1890 4900 1448.147500 2896.295000 11585180.000000 0.000000 
70 40 4000  2850 2050 4900 1324.689625 2649.379250 10597517.000000 0.000000 
70 45 4000  2715 2185 4900 1581.543125 3163.086250 12652345.000000 0.000000 
70 50 4000  2605 2295 4900 1674.556750 3349.113500 13396454.000000 0.000000 
70 55 4000  2520 2380 4900 1709.727125 3419.454250 13677817.000000 0.000000 
70 60 4000  2460 2440 4900 1751.862875 3503.725750 14014903.000000 0.000000 
70 65 4000  2425 2475 4900 1601.875750 3203.751500 12815006.000000 0.000000 
70 70 4000  2415 2485 4900 1782.045250 3564.090500 14256362.000000 0.000000 
80 0 4000  6320 80 6400 58.283750 116.567500 466270.000000 0.000000 
80 5 4000  5935 465 6400 262.638625 525.277250 2101109.000000 0.000000 
80 10 4000  5575 825 6400 470.340875 940.681750 3762727.000000 0.000000 
80 15 4000  5240 1160 6400 774.866875 1549.733750 6198935.000000 0.000000 
80 20 4000  4930 1470 6400 1043.329375 2086.658750 8346635.000000 0.000000 
80 25 4000  4645 1755 6400 1045.210375 2090.420750 8361683.000000 0.000000 
80 30 4000  4385 2015 6400 1333.253625 2666.507250 10666029.000000 0.000000 
80 35 4000  4150 2250 6400 1519.718750 3039.437500 12157750.000000 0.000000 
80 40 4000  3940 2460 6400 1554.191250 3108.382500 12433530.000000 0.000000 
80 45 4000  3755 2645 6400 1749.473500 3498.947000 13995788.000000 0.000000 
80 50 4000  3595 2805 6400 2148.663500 4297.327000 17189308.000000 0.000000 
80 55 4000  3460 2940 6400 2046.038625 4092.077250 16368309.000000 0.000000 
80 60 4000  3350 3050 6400 1975.413500 3950.827000 15803308.000000 0.000000 
80 65 4000  3265 3135 6400 2207.398250 4414.796500 17659186.000000 0.000000 
80 70 4000  3205 3195 6400 2609.733750 5219.467500 20877870.000000 0.000000 
80 75 4000  3170 3230 6400 2293.321375 4586.642750 18346571.000000 0.000000 
80 80 4000  3160 3240 6400 2214.106875 4428.213750 17712855.000000 0.000000 
90 0 4000  8010 90 8100 56.396375 112.792750 451171.000000 0.000000 
90 5 4000  7575 525 8100 289.423875 578.847750 2315391.000000 0.000000 
90 10 4000  7165 935 8100 571.311875 1142.623750 4570495.000000 0.000000 
90 15 4000  6780 1320 8100 879.924250 1759.848500 7039394.000000 0.000000 
90 20 4000  6420 1680 8100 973.685250 1947.370500 7789482.000000 0.000000 
90 25 4000  6085 2015 8100 1166.086500 2332.173000 9328692.000000 0.000000 
90 30 4000  5775 2325 8100 1405.163000 2810.326000 11241304.000000 0.000000 
90 35 4000  5490 2610 8100 1718.951625 3437.903250 13751613.000000 0.000000 
90 40 4000  5230 2870 8100 1869.799250 3739.598500 14958394.000000 0.000000 
90 45 4000  4995 3105 8100 2185.231750 4370.463500 17481854.000000 0.000000 
90 50 4000  4785 3315 8100 2092.731875 4185.463750 16741855.000000 0.000000 
90 55 4000  4600 3500 8100 2270.123375 4540.246750 18160987.000000 0.000000 
90 60 4000  4440 3660 8100 2369.458750 4738.917500 18955670.000000 0.000000 
90 65 4000  4305 3795 8100 2525.982375 5051.964750 20207859.000000 0.000000 
90 70 4000  4195 3905 8100 2610.685625 5221.371250 20885485.000000 0.000000 
90 75 4000  4110 3990 8100 2746.159250 5492.318500 21969274.000000 0.000000 
90 80 4000  4050 4050 8100 2840.401750 5680.803500 22723214.000000 0.000000 
90 85 4000  4015 4085 8100 2976.455375 5952.910750 23811643.000000 0.000000 
90 90 4000  4005 4095 8100 2923.617750 5847.235500 23388942.000000 0.000000 
100 0 4000  9900 100 10000 61.129250 122.258500 489034.000000 0.000000 
100 5 4000  9415 585 10000 321.374625 642.749250 2570997.000000 0.000000 
100 10 4000  8955 1045 10000 577.434250 1154.868500 4619474.000000 0.000000 
100 15 4000  8520 1480 10000 801.502250 1603.004500 6412018.000000 0.000000 
100 20 4000  8110 1890 10000 1111.103000 2222.206000 8888824.000000 0.000000 
100 25 4000  7725 2275 10000 1292.151625 2584.303250 10337213.000000 0.000000 
100 30 4000  7365 2635 10000 1694.878125 3389.756250 13559025.000000 0.000000 
100 35 4000  7030 2970 10000 1904.965750 3809.931500 15239726.000000 0.000000 
100 40 4000  6720 3280 10000 2002.262875 4004.525750 16018103.000000 0.000000 
100 45 4000  6435 3565 10000 2222.254875 4444.509750 17778039.000000 0.000000 
100 50 4000  6175 3825 10000 2419.486625 4838.973250 19355893.000000 0.000000 
100 55 4000  5940 4060 10000 2657.459000 5314.918000 21259672.000000 0.000000 
100 60 4000  5730 4270 10000 2843.277750 5686.555500 22746222.000000 0.000000 
100 65 4000  5545 4455 10000 2950.497750 5900.995500 23603982.000000 0.000000 
100 70 4000  5385 4615 10000 3194.133625 6388.267250 25553069.000000 0.000000 
100 75 4000  5250 4750 10000 3159.363375 6318.726750 25274907.000000 0.000000 
100 80 4000  5140 4860 10000 3513.137625 7026.275250 28105101.000000 0.000000 
100 85 4000  5055 4945 10000 3532.543125 7065.086250 28260345.000000 0.000000 
100 90 4000  4995 5005 10000 3579.624250 7159.248500 28636994.000000 0.000000 
100 95 4000  4960 5040 10000 3553.407750 7106.815500 28427262.000000 0.000000 
100 100 4000  4950 5050 10000 3413.756000 6827.512000 27310048.000000 0.000000 
100 0 4000  9900 100 10000 54.444625 108.889250 435557.000000 0.000000 
100 20 4000  8110 1890 10000 1179.788125 2359.576250 9438305.000000 0.000000 
100 40 4000  6720 3280 10000 2194.279375 4388.558750 17554235.000000 0.000000 
100 60 4000  5730 4270 10000 2935.563875 5871.127750 23484511.000000 0.000000 
100 80 4000  5140 4860 10000 3439.476750 6878.953500 27515814.000000 0.000000 
100 100 4000  4950 5050 10000 3937.546125 7875.092250 31500369.000000 0.000000 
200 0 4000  39800 200 40000 125.490250 250.980500 1003922.000000 0.000000 
200 20 4000  36010 3990 40000 2238.929750 4477.859500 17911438.000000 0.000000 
200 40 4000  32620 7380 40000 4632.985750 9265.971500 37063886.000000 0.000000 
200 60 4000  29630 10370 40000 6938.153250 13876.306500 55505226.000000 0.000000 
200 80 4000  27040 12960 40000 9196.545625 18393.091250 73572365.000000 0.000000 
200 100 4000  24850 15150 40000 11125.479875 22250.959750 89003839.000000 0.000000 
200 120 4000  23060 16940 40000 12796.461250 25592.922500 102371690.000000 0.000000 
200 140 4000  21670 18330 40000 13943.656625 27887.313250 111549253.000000 0.000000 
200 160 4000  20680 19320 40000 15992.213250 31984.426500 127937706.000000 0.000000 
200 180 4000  20090 19910 40000 15028.926750 30057.853500 120231414.000000 0.000000 
200 200 4000  19900 20100 40000 15427.037000 30854.074000 123416296.000000 0.000000 
300 0 4000  89700 300 90000 202.546375 405.092750 1620371.000000 0.000000 
300 20 4000  83910 6090 90000 3399.327500 6798.655000 27194620.000000 0.000000 
300 40 4000  78520 11480 90000 7582.600375 15165.200750 60660803.000000 0.000000 
300 60 4000  73530 16470 90000 12022.930625 24045.861250 96183445.000000 0.000000 
300 80 4000  68940 21060 90000 14800.961125 29601.922250 118407689.000000 0.000000 
300 100 4000  64750 25250 90000 18877.068250 37754.136500 151016546.000000 0.000000 
300 120 4000  60960 29040 90000 21998.598250 43997.196500 175988786.000000 0.000000 
300 140 4000  57570 32430 90000 25259.239500 50518.479000 202073916.000000 0.000000 
300 160 4000  54580 35420 90000 27594.330875 55188.661750 220754647.000000 0.000000 
300 180 4000  51990 38010 90000 29706.702625 59413.405250 237653621.000000 0.000000 
300 200 4000  49800 40200 90000 31796.816125 63593.632250 254374529.000000 0.000000 
300 220 4000  48010 41990 90000 36787.356875 73574.713750 294298855.000000 0.000000 
300 240 4000  46620 43380 90000 35463.179000 70926.358000 283705432.000000 0.000000 
300 260 4000  45630 44370 90000 35879.350125 71758.700250 287034801.000000 0.000000 
300 280 4000  45040 44960 90000 38602.104375 77204.208750 308816835.000000 0.000000 
300 300 4000  44850 45150 90000 36727.990750 73455.981500 293823926.000000 0.000000 
400 0 4000  159600 400 160000 244.265125 488.530250 1954121.000000 0.000000 
400 20 4000  151810 8190 160000 4908.776625 9817.553250 39270213.000000 0.000000 
400 40 4000  144420 15580 160000 11065.322125 22130.644250 88522577.000000 0.000000 
400 60 4000  137430 22570 160000 16462.477875 32924.955750 131699823.000000 0.000000 
400 80 4000  130840 29160 160000 21024.942750 42049.885500 168199542.000000 0.000000 
400 100 4000  124650 35350 160000 27657.015250 55314.030500 221256122.000000 0.000000 
400 120 4000  118860 41140 160000 34403.213375 68806.426750 275225707.000000 0.000000 
400 140 4000  113470 46530 160000 36739.603000 73479.206000 293916824.000000 0.000000 
400 160 4000  108480 51520 160000 40947.339000 81894.678000 327578712.000000 0.000000 
400 180 4000  103890 56110 160000 45722.112375 91444.224750 365776899.000000 0.000000 
400 200 4000  99700 60300 160000 48832.088250 97664.176500 390656706.000000 0.000000 
400 220 4000  95910 64090 160000 52966.799750 105933.599500 423734398.000000 0.000000 
400 240 4000  92520 67480 160000 55055.975375 110111.950750 440447803.000000 0.000000 
400 260 4000  89530 70470 160000 61154.237125 122308.474250 489233897.000000 0.000000 
400 280 4000  86940 73060 160000 60734.350500 121468.701000 485874804.000000 0.000000 
400 300 4000  84750 75250 160000 62010.871875 124021.743750 496086975.000000 0.000000 
400 320 4000  82960 77040 160000 64842.668750 129685.337500 518741350.000000 0.000000 
400 340 4000  81570 78430 160000 65640.085750 131280.171500 525120686.000000 0.000000 
400 360 4000  80580 79420 160000 66002.675375 132005.350750 528021403.000000 0.000000 
400 380 4000  79990 80010 160000 66736.992125 133473.984250 533895937.000000 0.000000 
400 400 4000  79800 80200 160000 68916.745875 137833.491750 551333967.000000 0.000000 
500 0 4000  249500 500 250000 374.706375 749.412750 2997651.000000 0.000000 
500 20 4000  239710 10290 250000 7028.883375 14057.766750 56231067.000000 0.000000 
500 40 4000  230320 19680 250000 14294.667500 28589.335000 114357340.000000 0.000000 
500 60 4000  221330 28670 250000 20879.005125 41758.010250 167032041.000000 0.000000 
500 80 4000  212740 37260 250000 26858.134125 53716.268250 214865073.000000 0.000000 
500 100 4000  204550 45450 250000 33846.198125 67692.396250 270769585.000000 0.000000 
500 120 4000  196760 53240 250000 41370.897500 82741.795000 330967180.000000 0.000000 
500 140 4000  189370 60630 250000 47934.679875 95869.359750 383477439.000000 0.000000 
500 160 4000  182380 67620 250000 54275.624250 108551.248500 434204994.000000 0.000000 
500 180 4000  175790 74210 250000 60381.101625 120762.203250 483048813.000000 0.000000 
500 200 4000  169600 80400 250000 66286.041000 132572.082000 530288328.000000 0.000000 
500 220 4000  163810 86190 250000 71646.589000 143293.178000 573172712.000000 0.000000 
500 240 4000  158420 91580 250000 76017.705125 152035.410250 608141641.000000 0.000000 
500 260 4000  153430 96570 250000 81203.345875 162406.691750 649626767.000000 0.000000 
500 280 4000  148840 101160 250000 83923.462500 167846.925000 671387700.000000 0.000000 
500 300 4000  144650 105350 250000 88166.050375 176332.100750 705328403.000000 0.000000 
500 320 4000  140860 109140 250000 92518.233250 185036.466500 740145866.000000 0.000000 
500 340 4000  137470 112530 250000 98046.903250 196093.806500 784375226.000000 0.000000 
500 360 4000  134480 115520 250000 103659.910625 207319.821250 829279285.000000 0.000000 
500 380 4000  131890 118110 250000 99483.722750 198967.445500 795869782.000000 0.000000 
500 400 4000  129700 120300 250000 101550.715375 203101.430750 812405723.000000 0.000000 
500 420 4000  127910 122090 250000 103025.945500 206051.891000 824207564.000000 0.000000 
500 440 4000  126520 123480 250000 107510.074000 215020.148000 860080592.000000 0.000000 
500 460 4000  125530 124470 250000 104959.154250 209918.308500 839673234.000000 0.000000 
500 480 4000  124940 125060 250000 105387.729500 210775.459000 843101836.000000 0.000000 
500 500 4000  124750 125250 250000 105758.289500 211516.579000 846066316.000000 0.000000 
600 0 4000  359400 600 360000 471.791625 943.583250 3774333.000000 0.000000 
600 20 4000  347610 12390 360000 7492.539500 14985.079000 59940316.000000 0.000000 
600 40 4000  336220 23780 360000 17332.597875 34665.195750 138660783.000000 0.000000 
600 60 4000  325230 34770 360000 25033.464625 50066.929250 200267717.000000 0.000000 
600 80 4000  314640 45360 360000 33112.069875 66224.139750 264896559.000000 0.000000 
600 100 4000  304450 55550 360000 47367.725875 94735.451750 378941807.000000 0.000000 
600 120 4000  294660 65340 360000 50690.475250 101380.950500 405523802.000000 0.000000 
600 140 4000  285270 74730 360000 59261.326375 118522.652750 474090611.000000 0.000000 
600 160 4000  276280 83720 360000 68132.565625 136265.131250 545060525.000000 0.000000 
600 180 4000  267690 92310 360000 75312.065625 150624.131250 602496525.000000 0.000000 
600 200 4000  259500 100500 360000 83730.000375 167460.000750 669840003.000000 0.000000 
600 220 4000  251710 108290 360000 90556.280750 181112.561500 724450246.000000 0.000000 
600 240 4000  244320 115680 360000 96529.506625 193059.013250 772236053.000000 0.000000 
600 260 4000  237330 122670 360000 103917.698375 207835.396750 831341587.000000 0.000000 
600 280 4000  230740 129260 360000 107546.093625 215092.187250 860368749.000000 0.000000 
600 300 4000  224550 135450 360000 114724.619875 229449.239750 917796959.000000 0.000000 
600 320 4000  218760 141240 360000 119083.052000 238166.104000 952664416.000000 0.000000 
600 340 4000  213370 146630 360000 123117.078500 246234.157000 984936628.000000 0.000000 
600 360 4000  208380 151620 360000 128048.765250 256097.530500 1024390122.000000 0.000000 
600 380 4000  203790 156210 360000 132253.881625 264507.763250 1058031053.000000 0.000000 
600 400 4000  199600 160400 360000 140765.603625 281531.207250 1126124829.000000 0.000000 
600 420 4000  195810 164190 360000 140430.382750 280860.765500 1123443062.000000 0.000000 
600 440 4000  192420 167580 360000 143674.765500 287349.531000 1149398124.000000 0.000000 
600 460 4000  189430 170570 360000 145614.343250 291228.686500 1164914746.000000 0.000000 
600 480 4000  186840 173160 360000 157569.950125 315139.900250 1260559601.000000 0.000000 
600 500 4000  184650 175350 360000 149802.200750 299604.401500 1198417606.000000 0.000000 
600 520 4000  182860 177140 360000 155741.619875 311483.239750 1245932959.000000 0.000000 
600 540 4000  181470 178530 360000 158184.042500 316368.085000 1265472340.000000 0.000000 
600 560 4000  180480 179520 360000 164792.378125 329584.756250 1318339025.000000 0.000000 
600 580 4000  179890 180110 360000 169395.810375 338791.620750 1355166483.000000 0.000000 
600 600 4000  179700 180300 360000 156986.434250 313972.868500 1255891474.000000 0.000000 
700 0 4000  489300 700 490000 515.900875 1031.801750 4127207.000000 0.000000 
700 20 4000  475510 14490 490000 10326.967625 20653.935250 82615741.000000 0.000000 
700 40 4000  462120 27880 490000 21362.772500 42725.545000 170902180.000000 0.000000 
700 60 4000  449130 40870 490000 29963.036500 59926.073000 239704292.000000 0.000000 
700 80 4000  436540 53460 490000 38600.365625 77200.731250 308802925.000000 0.000000 
700 100 4000  424350 65650 490000 48963.983875 97927.967750 391711871.000000 0.000000 
700 120 4000  412560 77440 490000 60663.706375 121327.412750 485309651.000000 0.000000 
700 140 4000  401170 88830 490000 70562.144000 141124.288000 564497152.000000 0.000000 
700 160 4000  390180 99820 490000 80904.131500 161808.263000 647233052.000000 0.000000 
700 180 4000  379590 110410 490000 90391.117125 180782.234250 723128937.000000 0.000000 
700 200 4000  369400 120600 490000 103687.072125 207374.144250 829496577.000000 0.000000 
700 220 4000  359610 130390 490000 108886.222000 217772.444000 871089776.000000 0.000000 
700 240 4000  350220 139780 490000 119311.725625 238623.451250 954493805.000000 0.000000 
700 260 4000  341230 148770 490000 125218.839250 250437.678500 1001750714.000000 0.000000 
700 280 4000  332640 157360 490000 134495.724875 268991.449750 1075965799.000000 0.000000 
700 300 4000  324450 165550 490000 150122.101500 300244.203000 1200976812.000000 0.000000 
700 320 4000  316660 173340 490000 150394.470875 300788.941750 1203155767.000000 0.000000 
700 340 4000  309270 180730 490000 163134.961000 326269.922000 1305079688.000000 0.000000 
700 360 4000  302280 187720 490000 161761.268250 323522.536500 1294090146.000000 0.000000 
700 380 4000  295690 194310 490000 181639.924625 363279.849250 1453119397.000000 0.000000 
700 400 4000  289500 200500 490000 177671.153875 355342.307750 1421369231.000000 0.000000 
700 420 4000  283710 206290 490000 187466.639500 374933.279000 1499733116.000000 0.000000 
700 440 4000  278320 211680 490000 196966.411250 393932.822500 1575731290.000000 0.000000 
700 460 4000  273330 216670 490000 201937.064375 403874.128750 1615496515.000000 0.000000 
700 480 4000  268740 221260 490000 207172.349875 414344.699750 1657378799.000000 0.000000 
700 500 4000  264550 225450 490000 212371.625375 424743.250750 1698973003.000000 0.000000 
700 520 4000  260760 229240 490000 219417.909625 438835.819250 1755343277.000000 0.000000 
700 540 4000  257370 232630 490000 230690.210625 461380.421250 1845521685.000000 0.000000 
700 560 4000  254380 235620 490000 240327.782000 480655.564000 1922622256.000000 0.000000 
700 580 4000  251790 238210 490000 238359.778375 476719.556750 1906878227.000000 0.000000 
700 600 4000  249600 240400 490000 229171.887250 458343.774500 1833375098.000000 0.000000 
700 620 4000  247810 242190 490000 239691.475750 479382.951500 1917531806.000000 0.000000 
700 640 4000  246420 243580 490000 247372.612625 494745.225250 1978980901.000000 0.000000 
700 660 4000  245430 244570 490000 243517.748500 487035.497000 1948141988.000000 0.000000 
700 680 4000  244840 245160 490000 244261.399375 488522.798750 1954091195.000000 0.000000 
700 700 4000  244650 245350 490000 239947.791000 479895.582000 1919582328.000000 0.000000 
800 0 4000  639200 800 640000 507.294500 1014.589000 4058356.000000 0.000000 
800 20 4000  623410 16590 640000 12545.069500 25090.139000 100360556.000000 0.000000 
800 40 4000  608020 31980 640000 23714.563750 47429.127500 189716510.000000 0.000000 
800 60 4000  593030 46970 640000 34865.990250 69731.980500 278927922.000000 0.000000 
800 80 4000  578440 61560 640000 44526.672000 89053.344000 356213376.000000 0.000000 
800 100 4000  564250 75750 640000 58389.268875 116778.537750 467114151.000000 0.000000 
800 120 4000  550460 89540 640000 72456.175375 144912.350750 579649403.000000 0.000000 
800 140 4000  537070 102930 640000 82491.465125 164982.930250 659931721.000000 0.000000 
800 160 4000  524080 115920 640000 94050.412000 188100.824000 752403296.000000 0.000000 
800 180 4000  511490 128510 640000 105974.890875 211949.781750 847799127.000000 0.000000 
800 200 4000  499300 140700 640000 117204.496000 234408.992000 937635968.000000 0.000000 
800 220 4000  487510 152490 640000 129140.930000 258281.860000 1033127440.000000 0.000000 
800 240 4000  476120 163880 640000 145084.755875 290169.511750 1160678047.000000 0.000000 
800 260 4000  465130 174870 640000 147827.037000 295654.074000 1182616296.000000 0.000000 
800 280 4000  454540 185460 640000 168473.421375 336946.842750 1347787371.000000 0.000000 
800 300 4000  444350 195650 640000 175546.292750 351092.585500 1404370342.000000 0.000000 
800 320 4000  434560 205440 640000 186065.847500 372131.695000 1488526780.000000 0.000000 
800 340 4000  425170 214830 640000 208915.202750 417830.405500 1671321622.000000 0.000000 
800 360 4000  416180 223820 640000 213882.121625 427764.243250 1711056973.000000 0.000000 
800 380 4000  407590 232410 640000 225788.659625 451577.319250 1806309277.000000 0.000000 
800 400 4000  399400 240600 640000 233024.318250 466048.636500 1864194546.000000 0.000000 
800 420 4000  391610 248390 640000 255140.273125 510280.546250 2041122185.000000 0.000000 
800 440 4000  384220 255780 640000 264515.538500 529031.077000 2116124308.000000 0.000000 
800 460 4000  377230 262770 640000 263516.039750 527032.079500 2108128318.000000 0.000000 
800 480 4000  370640 269360 640000 290476.261750 580952.523500 2323810094.000000 0.000000 
800 500 4000  364450 275550 640000 312387.267375 624774.534750 2499098139.000000 0.000000 
800 520 4000  358660 281340 640000 324460.209250 648920.418500 2595681674.000000 0.000000 
800 540 4000  353270 286730 640000 321051.966875 642103.933750 2568415735.000000 0.000000 
800 560 4000  348280 291720 640000 333480.776750 666961.553500 2667846214.000000 0.000000 
800 580 4000  343690 296310 640000 341451.626625 682903.253250 2731613013.000000 0.000000 
800 600 4000  339500 300500 640000 373163.403750 746326.807500 2985307230.000000 0.000000 
800 620 4000  335710 304290 640000 375001.026750 750002.053500 3000008214.000000 0.000000 
800 640 4000  332320 307680 640000 375079.762250 750159.524500 3000638098.000000 0.000000 
800 660 4000  329330 310670 640000 394645.586375 789291.172750 3157164691.000000 0.000000 
800 680 4000  326740 313260 640000 403514.918750 807029.837500 3228119350.000000 0.000000 
800 700 4000  324550 315450 640000 404495.998750 808991.997500 3235967990.000000 0.000000 
800 720 4000  322760 317240 640000 415168.903750 830337.807500 3321351230.000000 0.000000 
800 740 4000  321370 318630 640000 409777.766000 819555.532000 3278222128.000000 0.000000 
800 760 4000  320380 319620 640000 416611.289500 833222.579000 3332890316.000000 0.000000 
800 780 4000  319790 320210 640000 426294.208250 852588.416500 3410353666.000000 0.000000 
800 800 4000  319600 320400 640000 433224.039750 866448.079500 3465792318.000000 0.000000 
900 0 4000  809100 900 810000 545.557625 1091.115250 4364461.000000 0.000000 
900 20 4000  791310 18690 810000 14062.466375 28124.932750 112499731.000000 0.000000 
900 40 4000  773920 36080 810000 26833.706875 53667.413750 214669655.000000 0.000000 
900 60 4000  756930 53070 810000 38895.728750 77791.457500 311165830.000000 0.000000 
900 80 4000  740340 69660 810000 50766.613250 101533.226500 406132906.000000 0.000000 
900 100 4000  724150 85850 810000 67118.043875 134236.087750 536944351.000000 0.000000 
900 120 4000  708360 101640 810000 80116.753625 160233.507250 640934029.000000 0.000000 
900 140 4000  692970 117030 810000 97171.666000 194343.332000 777373328.000000 0.000000 
900 160 4000  677980 132020 810000 107598.797500 215197.595000 860790380.000000 0.000000 
900 180 4000  663390 146610 810000 120994.962625 241989.925250 967959701.000000 0.000000 
900 200 4000  649200 160800 810000 134716.066250 269432.132500 1077728530.000000 0.000000 
900 220 4000  635410 174590 810000 147867.163875 295734.327750 1182937311.000000 0.000000 
900 240 4000  622020 187980 810000 164946.044125 329892.088250 1319568353.000000 0.000000 
900 260 4000  609030 200970 810000 181918.740625 363837.481250 1455349925.000000 0.000000 
900 280 4000  596440 213560 810000 215387.519500 430775.039000 1723100156.000000 0.000000 
900 300 4000  584250 225750 810000 219336.265375 438672.530750 1754690123.000000 0.000000 
900 320 4000  572460 237540 810000 244535.625625 489071.251250 1956285005.000000 0.000000 
900 340 4000  561070 248930 810000 245277.824250 490555.648500 1962222594.000000 0.000000 
900 360 4000  550080 259920 810000 273818.996000 547637.992000 2190551968.000000 0.000000 
900 380 4000  539490 270510 810000 295980.558750 591961.117500 2367844470.000000 0.000000 
900 400 4000  529300 280700 810000 334594.891125 669189.782250 2676759129.000000 0.000000 
900 420 4000  519510 290490 810000 342869.377750 685738.755500 2742955022.000000 0.000000 
900 440 4000  510120 299880 810000 362385.409500 724770.819000 2899083276.000000 0.000000 
900 460 4000  501130 308870 810000 385519.590875 771039.181750 3084156727.000000 0.000000 
900 480 4000  492540 317460 810000 418520.231500 837040.463000 3348161852.000000 0.000000 
900 500 4000  484350 325650 810000 454460.422000 908920.844000 3635683376.000000 0.000000 
900 520 4000  476560 333440 810000 468095.023000 936190.046000 3744760184.000000 0.000000 
900 540 4000  469170 340830 810000 482681.023750 965362.047500 3861448190.000000 0.000000 
900 560 4000  462180 347820 810000 494972.269125 989944.538250 3959778153.000000 0.000000 
900 580 4000  455590 354410 810000 525954.314625 1051908.629250 4207634517.000000 0.000000 
900 600 4000  449400 360600 810000 541720.098125 1083440.196250 4333760785.000000 0.000000 
900 620 4000  443610 366390 810000 565652.729250 1131305.458500 4525221834.000000 0.000000 
900 640 4000  438220 371780 810000 572250.574375 1144501.148750 4578004595.000000 0.000000 
900 660 4000  433230 376770 810000 597995.714375 1195991.428750 4783965715.000000 0.000000 
900 680 4000  428640 381360 810000 607168.032500 1214336.065000 4857344260.000000 0.000000 
900 700 4000  424450 385550 810000 611880.566375 1223761.132750 4895044531.000000 0.000000 
900 720 4000  420660 389340 810000 617006.953000 1234013.906000 4936055624.000000 0.000000 
900 740 4000  417270 392730 810000 634937.335375 1269874.670750 5079498683.000000 0.000000 
900 760 4000  414280 395720 810000 643458.834500 1286917.669000 5147670676.000000 0.000000 
900 780 4000  411690 398310 810000 637186.649875 1274373.299750 5097493199.000000 0.000000 
900 800 4000  409500 400500 810000 665981.539750 1331963.079500 5327852318.000000 0.000000 
900 820 4000  407710 402290 810000 669157.833125 1338315.666250 5353262665.000000 0.000000 
900 840 4000  406320 403680 810000 674196.871750 1348393.743500 5393574974.000000 0.000000 
900 860 4000  405330 404670 810000 671504.586875 1343009.173750 5372036695.000000 0.000000 
900 880 4000  404740 405260 810000 668873.871500 1337747.743000 5350990972.000000 0.000000 
900 900 4000  404550 405450 810000 675430.378625 1350860.757250 5403443029.000000 0.000000 
1000 0 4000  999000 1000 1000000 632.763375 1265.526750 5062107.000000 0.000000 
1000 20 4000  979210 20790 1000000 16111.069250 32222.138500 128888554.000000 0.000000 
1000 40 4000  959820 40180 1000000 30544.566250 61089.132500 244356530.000000 0.000000 
1000 60 4000  940830 59170 1000000 43531.782750 87063.565500 348254262.000000 0.000000 
1000 80 4000  922240 77760 1000000 58167.459750 116334.919500 465339678.000000 0.000000 
1000 100 4000  904050 95950 1000000 72391.085625 144782.171250 579128685.000000 0.000000 
1000 120 4000  886260 113740 1000000 93096.191625 186192.383250 744769533.000000 0.000000 
1000 140 4000  868870 131130 1000000 106024.647375 212049.294750 848197179.000000 0.000000 
1000 160 4000  851880 148120 1000000 122113.036125 244226.072250 976904289.000000 0.000000 
1000 180 4000  835290 164710 1000000 137409.605750 274819.211500 1099276846.000000 0.000000 
1000 200 4000  819100 180900 1000000 151444.065000 302888.130000 1211552520.000000 0.000000 
1000 220 4000  803310 196690 1000000 176134.784000 352269.568000 1409078272.000000 0.000000 
1000 240 4000  787920 212080 1000000 200464.054500 400928.109000 1603712436.000000 0.000000 
1000 260 4000  772930 227070 1000000 221547.795000 443095.590000 1772382360.000000 0.000000 
1000 280 4000  758340 241660 1000000 246854.398875 493708.797750 1974835191.000000 0.000000 
1000 300 4000  744150 255850 1000000 262902.275625 525804.551250 2103218205.000000 0.000000 
1000 320 4000  730360 269640 1000000 297976.684000 595953.368000 2383813472.000000 0.000000 
1000 340 4000  716970 283030 1000000 328683.344250 657366.688500 2629466754.000000 0.000000 
1000 360 4000  703980 296020 1000000 356557.622875 713115.245750 2852460983.000000 0.000000 
1000 380 4000  691390 308610 1000000 398652.957375 797305.914750 3189223659.000000 0.000000 
1000 400 4000  679200 320800 1000000 428516.484875 857032.969750 3428131879.000000 0.000000 
1000 420 4000  667410 332590 1000000 459901.501125 919803.002250 3679212009.000000 0.000000 
1000 440 4000  656020 343980 1000000 496694.013750 993388.027500 3973552110.000000 0.000000 
1000 460 4000  645030 354970 1000000 523832.624750 1047665.249500 4190660998.000000 0.000000 
1000 480 4000  634440 365560 1000000 565181.317875 1130362.635750 4521450543.000000 0.000000 
1000 500 4000  624250 375750 1000000 571019.501500 1142039.003000 4568156012.000000 0.000000 
1000 520 4000  614460 385540 1000000 601515.979500 1203031.959000 4812127836.000000 0.000000 
