10 0 4000  90 10 100 17.193500 34.387000 137548.000000 0.000000 
10 5 4000  55 45 100 162.330625 324.661250 1298645.000000 0.000000 
10 10 4000  45 55 100 188.433500 376.867000 1507468.000000 0.000000 
20 0 4000  380 20 400 24.390375 48.780750 195123.000000 0.000000 
20 5 4000  295 105 400 362.381500 724.763000 2899052.000000 0.000000 
20 10 4000  235 165 400 459.611375 919.222750 3676891.000000 0.000000 
20 15 4000  200 200 400 671.349875 1342.699750 5370799.000000 0.000000 
20 20 4000  190 210 400 706.352125 1412.704250 5650817.000000 0.000000 
30 0 4000  870 30 900 36.574250 73.148500 292594.000000 0.000000 
30 5 4000  735 165 900 619.512250 1239.024500 4956098.000000 0.000000 
30 10 4000  625 275 900 805.275000 1610.550000 6442200.000000 0.000000 
30 15 4000  540 360 900 1195.228125 2390.456250 9561825.000000 0.000000 
30 20 4000  480 420 900 1450.536000 2901.072000 11604288.000000 0.000000 
30 25 4000  445 455 900 1321.585000 2643.170000 10572680.000000 0.000000 
30 30 4000  435 465 900 1354.207125 2708.414250 10833657.000000 0.000000 
40 0 4000  1560 40 1600 57.994625 115.989250 463957.000000 0.000000 
40 5 4000  1375 225 1600 750.338750 1500.677500 6002710.000000 0.000000 
40 10 4000  1215 385 1600 1067.302375 2134.604750 8538419.000000 0.000000 
40 15 4000  1080 520 1600 1446.435125 2892.870250 11571481.000000 0.000000 
40 20 4000  970 630 1600 1784.329000 3568.658000 14274632.000000 0.000000 
40 25 4000  885 715 1600 2409.378750 4818.757500 19275030.000000 0.000000 
40 30 4000  825 775 1600 2022.652875 4045.305750 16181223.000000 0.000000 
40 35 4000  790 810 1600 2189.921500 4379.843000 17519372.000000 0.000000 
40 40 4000  780 820 1600 2510.806500 5021.613000 20086452.000000 0.000000 
50 0 4000  2450 50 2500 127.397125 254.794250 1019177.000000 0.000000 
50 5 4000  2215 285 2500 1054.637625 2109.275250 8437101.000000 0.000000 
50 10 4000  2005 495 2500 1610.806125 3221.612250 12886449.000000 0.000000 
50 15 4000  1820 680 2500 1942.024250 3884.048500 15536194.000000 0.000000 
50 20 4000  1660 840 2500 2239.208875 4478.417750 17913671.000000 0.000000 
50 25 4000  1525 975 2500 2634.095500 5268.191000 21072764.000000 0.000000 
50 30 4000  1415 1085 2500 2826.907375 5653.814750 22615259.000000 0.000000 
50 35 4000  1330 1170 2500 3157.988375 6315.976750 25263907.000000 0.000000 
50 40 4000  1270 1230 2500 3426.713375 6853.426750 27413707.000000 0.000000 
50 45 4000  1235 1265 2500 3607.853125 7215.706250 28862825.000000 0.000000 
50 50 4000  1225 1275 2500 3572.615875 7145.231750 28580927.000000 0.000000 
60 0 4000  3540 60 3600 77.793875 155.587750 622351.000000 0.000000 
60 5 4000  3255 345 3600 1226.190875 2452.381750 9809527.000000 0.000000 
60 10 4000  2995 605 3600 1779.571375 3559.142750 14236571.000000 0.000000 
60 15 4000  2760 840 3600 2424.980125 4849.960250 19399841.000000 0.000000 
60 20 4000  2550 1050 3600 2614.261875 5228.523750 20914095.000000 0.000000 
60 25 4000  2365 1235 3600 3159.023375 6318.046750 25272187.000000 0.000000 
60 30 4000  2205 1395 3600 3582.230125 7164.460250 28657841.000000 0.000000 
60 35 4000  2070 1530 3600 4132.890750 8265.781500 33063126.000000 0.000000 
60 40 4000  1960 1640 3600 4861.529000 9723.058000 38892232.000000 0.000000 
60 45 4000  1875 1725 3600 4793.563625 9587.127250 38348509.000000 0.000000 
60 50 4000  1815 1785 3600 4929.003250 9858.006500 39432026.000000 0.000000 
60 55 4000  1780 1820 3600 5122.864125 10245.728250 40982913.000000 0.000000 
60 60 4000  1770 1830 3600 5303.830000 10607.660000 42430640.000000 0.000000 
70 0 4000  4830 70 4900 80.609875 161.219750 644879.000000 0.000000 
70 5 4000  4495 405 4900 1254.787875 2509.575750 10038303.000000 0.000000 
70 10 4000  4185 715 4900 1860.437875 3720.875750 14883503.000000 0.000000 
70 15 4000  3900 1000 4900 3079.458500 6158.917000 24635668.000000 0.000000 
70 20 4000  3640 1260 4900 3203.091125 6406.182250 25624729.000000 0.000000 
70 25 4000  3405 1495 4900 3903.798500 7807.597000 31230388.000000 0.000000 
70 30 4000  3195 1705 4900 4259.808125 8519.616250 34078465.000000 0.000000 
70 35 4000  3010 1890 4900 5022.319000 10044.638000 40178552.000000 0.000000 
70 40 4000  2850 2050 4900 5674.726125 11349.452250 45397809.000000 0.000000 
70 45 4000  2715 2185 4900 5875.213000 11750.426000 47001704.000000 0.000000 
70 50 4000  2605 2295 4900 5933.449875 11866.899750 47467599.000000 0.000000 
70 55 4000  2520 2380 4900 6453.995125 12907.990250 51631961.000000 0.000000 
70 60 4000  2460 2440 4900 6484.451000 12968.902000 51875608.000000 0.000000 
70 65 4000  2425 2475 4900 6830.481750 13660.963500 54643854.000000 0.000000 
70 70 4000  2415 2485 4900 6490.290625 12980.581250 51922325.000000 0.000000 
80 0 4000  6320 80 6400 111.112750 222.225500 888902.000000 0.000000 
80 5 4000  5935 465 6400 1416.608625 2833.217250 11332869.000000 0.000000 
80 10 4000  5575 825 6400 2342.452250 4684.904500 18739618.000000 0.000000 
80 15 4000  5240 1160 6400 2947.830250 5895.660500 23582642.000000 0.000000 
80 20 4000  4930 1470 6400 4049.640875 8099.281750 32397127.000000 0.000000 
80 25 4000  4645 1755 6400 4846.195250 9692.390500 38769562.000000 0.000000 
80 30 4000  4385 2015 6400 5016.237000 10032.474000 40129896.000000 0.000000 
80 35 4000  4150 2250 6400 6065.523250 12131.046500 48524186.000000 0.000000 
80 40 4000  3940 2460 6400 7658.742000 15317.484000 61269936.000000 0.000000 
80 45 4000  3755 2645 6400 7503.428875 15006.857750 60027431.000000 0.000000 
80 50 4000  3595 2805 6400 7364.170625 14728.341250 58913365.000000 0.000000 
80 55 4000  3460 2940 6400 7740.203375 15480.406750 61921627.000000 0.000000 
80 60 4000  3350 3050 6400 8134.781625 16269.563250 65078253.000000 0.000000 
80 65 4000  3265 3135 6400 8313.856500 16627.713000 66510852.000000 0.000000 
80 70 4000  3205 3195 6400 8350.765125 16701.530250 66806121.000000 0.000000 
80 75 4000  3170 3230 6400 8813.158875 17626.317750 70505271.000000 0.000000 
80 80 4000  3160 3240 6400 8542.847875 17085.695750 68342783.000000 0.000000 
90 0 4000  8010 90 8100 104.053125 208.106250 832425.000000 0.000000 
90 5 4000  7575 525 8100 1493.491250 2986.982500 11947930.000000 0.000000 
90 10 4000  7165 935 8100 2773.783750 5547.567500 22190270.000000 0.000000 
90 15 4000  6780 1320 8100 3496.772625 6993.545250 27974181.000000 0.000000 
90 20 4000  6420 1680 8100 4459.655375 8919.310750 35677243.000000 0.000000 
90 25 4000  6085 2015 8100 5296.713875 10593.427750 42373711.000000 0.000000 
90 30 4000  5775 2325 8100 5927.619625 11855.239250 47420957.000000 0.000000 
90 35 4000  5490 2610 8100 7057.026125 14114.052250 56456209.000000 0.000000 
90 40 4000  5230 2870 8100 7562.605750 15125.211500 60500846.000000 0.000000 
90 45 4000  4995 3105 8100 8606.634750 17213.269500 68853078.000000 0.000000 
90 50 4000  4785 3315 8100 8789.900625 17579.801250 70319205.000000 0.000000 
90 55 4000  4600 3500 8100 9208.846250 18417.692500 73670770.000000 0.000000 
90 60 4000  4440 3660 8100 9673.476500 19346.953000 77387812.000000 0.000000 
90 65 4000  4305 3795 8100 9914.205000 19828.410000 79313640.000000 0.000000 
90 70 4000  4195 3905 8100 10591.211375 21182.422750 84729691.000000 0.000000 
90 75 4000  4110 3990 8100 10453.462125 20906.924250 83627697.000000 0.000000 
90 80 4000  4050 4050 8100 10418.799375 20837.598750 83350395.000000 0.000000 
90 85 4000  4015 4085 8100 11298.470500 22596.941000 90387764.000000 0.000000 
90 90 4000  4005 4095 8100 10896.412250 21792.824500 87171298.000000 0.000000 
100 0 4000  9900 100 10000 131.555875 263.111750 1052447.000000 0.000000 
100 5 4000  9415 585 10000 2133.117500 4266.235000 17064940.000000 0.000000 
100 10 4000  8955 1045 10000 2795.071625 5590.143250 22360573.000000 0.000000 
100 15 4000  8520 1480 10000 4161.871625 8323.743250 33294973.000000 0.000000 
100 20 4000  8110 1890 10000 4766.161875 9532.323750 38129295.000000 0.000000 
100 25 4000  7725 2275 10000 5897.269250 11794.538500 47178154.000000 0.000000 
100 30 4000  7365 2635 10000 6610.162375 13220.324750 52881299.000000 0.000000 
100 35 4000  7030 2970 10000 8061.753000 16123.506000 64494024.000000 0.000000 
100 40 4000  6720 3280 10000 9098.209250 18196.418500 72785674.000000 0.000000 
100 45 4000  6435 3565 10000 9299.368875 18598.737750 74394951.000000 0.000000 
100 50 4000  6175 3825 10000 10317.930250 20635.860500 82543442.000000 0.000000 
100 55 4000  5940 4060 10000 10809.561250 21619.122500 86476490.000000 0.000000 
100 60 4000  5730 4270 10000 11441.572250 22883.144500 91532578.000000 0.000000 
100 65 4000  5545 4455 10000 11439.531750 22879.063500 91516254.000000 0.000000 
100 70 4000  5385 4615 10000 12664.491375 25328.982750 101315931.000000 0.000000 
100 75 4000  5250 4750 10000 12615.881000 25231.762000 100927048.000000 0.000000 
100 80 4000  5140 4860 10000 12569.610250 25139.220500 100556882.000000 0.000000 
100 85 4000  5055 4945 10000 12557.553250 25115.106500 100460426.000000 0.000000 
100 90 4000  4995 5005 10000 12786.023125 25572.046250 102288185.000000 0.000000 
100 95 4000  4960 5040 10000 12966.572625 25933.145250 103732581.000000 0.000000 
100 100 4000  4950 5050 10000 13103.395500 26206.791000 104827164.000000 0.000000 
100 0 4000  9900 100 10000 138.776625 277.553250 1110213.000000 0.000000 
100 20 4000  8110 1890 10000 4811.577875 9623.155750 38492623.000000 0.000000 
100 40 4000  6720 3280 10000 8991.912375 17983.824750 71935299.000000 0.000000 
100 60 4000  5730 4270 10000 11515.114625 23030.229250 92120917.000000 0.000000 
100 80 4000  5140 4860 10000 13174.824000 26349.648000 105398592.000000 0.000000 
100 100 4000  4950 5050 10000 13070.689250 26141.378500 104565514.000000 0.000000 
200 0 4000  39800 200 40000 375.028375 750.056750 3000227.000000 0.000000 
200 20 4000  36010 3990 40000 10204.975500 20409.951000 81639804.000000 0.000000 
200 40 4000  32620 7380 40000 19443.582875 38887.165750 155548663.000000 0.000000 
200 60 4000  29630 10370 40000 26760.806375 53521.612750 214086451.000000 0.000000 
200 80 4000  27040 12960 40000 37652.941125 75305.882250 301223529.000000 0.000000 
200 100 4000  24850 15150 40000 38714.919375 77429.838750 309719355.000000 0.000000 
200 120 4000  23060 16940 40000 42749.856500 85499.713000 341998852.000000 0.000000 
200 140 4000  21670 18330 40000 45969.837375 91939.674750 367758699.000000 0.000000 
200 160 4000  20680 19320 40000 49889.129625 99778.259250 399113037.000000 0.000000 
200 180 4000  20090 19910 40000 49214.720500 98429.441000 393717764.000000 0.000000 
200 200 4000  19900 20100 40000 49888.870375 99777.740750 399110963.000000 0.000000 
300 0 4000  89700 300 90000 395.851750 791.703500 3166814.000000 0.000000 
300 20 4000  83910 6090 90000 15932.998250 31865.996500 127463986.000000 0.000000 
300 40 4000  78520 11480 90000 32935.786875 65871.573750 263486295.000000 0.000000 
300 60 4000  73530 16470 90000 46141.093625 92282.187250 369128749.000000 0.000000 
300 80 4000  68940 21060 90000 55687.937250 111375.874500 445503498.000000 0.000000 
300 100 4000  64750 25250 90000 63107.479500 126214.959000 504859836.000000 0.000000 
300 120 4000  60960 29040 90000 72043.974375 144087.948750 576351795.000000 0.000000 
300 140 4000  57570 32430 90000 87439.119000 174878.238000 699512952.000000 0.000000 
300 160 4000  54580 35420 90000 88425.904375 176851.808750 707407235.000000 0.000000 
300 180 4000  51990 38010 90000 93975.223875 187950.447750 751801791.000000 0.000000 
300 200 4000  49800 40200 90000 101855.706625 203711.413250 814845653.000000 0.000000 
300 220 4000  48010 41990 90000 106303.711750 212607.423500 850429694.000000 0.000000 
300 240 4000  46620 43380 90000 109280.863875 218561.727750 874246911.000000 0.000000 
300 260 4000  45630 44370 90000 110513.286000 221026.572000 884106288.000000 0.000000 
300 280 4000  45040 44960 90000 110434.716875 220869.433750 883477735.000000 0.000000 
300 300 4000  44850 45150 90000 111194.236875 222388.473750 889553895.000000 0.000000 
400 0 4000  159600 400 160000 555.791125 1111.582250 4446329.000000 0.000000 
400 20 4000  151810 8190 160000 20512.596375 41025.192750 164100771.000000 0.000000 
400 40 4000  144420 15580 160000 42579.202375 85158.404750 340633619.000000 0.000000 
400 60 4000  137430 22570 160000 58430.159250 116860.318500 467441274.000000 0.000000 
400 80 4000  130840 29160 160000 74206.862875 148413.725750 593654903.000000 0.000000 
400 100 4000  124650 35350 160000 88087.084625 176174.169250 704696677.000000 0.000000 
400 120 4000  118860 41140 160000 103587.392250 207174.784500 828699138.000000 0.000000 
400 140 4000  113470 46530 160000 115106.970000 230213.940000 920855760.000000 0.000000 
400 160 4000  108480 51520 160000 127110.141375 254220.282750 1016881131.000000 0.000000 
400 180 4000  103890 56110 160000 137475.555875 274951.111750 1099804447.000000 0.000000 
400 200 4000  99700 60300 160000 147697.159500 295394.319000 1181577276.000000 0.000000 
400 220 4000  95910 64090 160000 156346.274375 312692.548750 1250770195.000000 0.000000 
400 240 4000  92520 67480 160000 174901.083125 349802.166250 1399208665.000000 0.000000 
400 260 4000  89530 70470 160000 173005.220875 346010.441750 1384041767.000000 0.000000 
400 280 4000  86940 73060 160000 179077.109750 358154.219500 1432616878.000000 0.000000 
400 300 4000  84750 75250 160000 186094.370625 372188.741250 1488754965.000000 0.000000 
400 320 4000  82960 77040 160000 190778.362625 381556.725250 1526226901.000000 0.000000 
400 340 4000  81570 78430 160000 192737.026500 385474.053000 1541896212.000000 0.000000 
400 360 4000  80580 79420 160000 197523.893125 395047.786250 1580191145.000000 0.000000 
400 380 4000  79990 80010 160000 211016.568875 422033.137750 1688132551.000000 0.000000 
400 400 4000  79800 80200 160000 196919.084750 393838.169500 1575352678.000000 0.000000 
500 0 4000  249500 500 250000 749.967000 1499.934000 5999736.000000 0.000000 
500 20 4000  239710 10290 250000 25562.941125 51125.882250 204503529.000000 0.000000 
500 40 4000  230320 19680 250000 51883.170750 103766.341500 415065366.000000 0.000000 
500 60 4000  221330 28670 250000 73304.021500 146608.043000 586432172.000000 0.000000 
500 80 4000  212740 37260 250000 94286.302250 188572.604500 754290418.000000 0.000000 
500 100 4000  204550 45450 250000 114634.739750 229269.479500 917077918.000000 0.000000 
500 120 4000  196760 53240 250000 131599.143250 263198.286500 1052793146.000000 0.000000 
500 140 4000  189370 60630 250000 149697.893750 299395.787500 1197583150.000000 0.000000 
500 160 4000  182380 67620 250000 167026.528875 334053.057750 1336212231.000000 0.000000 
500 180 4000  175790 74210 250000 182215.496875 364430.993750 1457723975.000000 0.000000 
500 200 4000  169600 80400 250000 199292.999375 398585.998750 1594343995.000000 0.000000 
500 220 4000  163810 86190 250000 210602.288500 421204.577000 1684818308.000000 0.000000 
500 240 4000  158420 91580 250000 223936.335375 447872.670750 1791490683.000000 0.000000 
500 260 4000  153430 96570 250000 247776.267125 495552.534250 1982210137.000000 0.000000 
500 280 4000  148840 101160 250000 254441.684625 508883.369250 2035533477.000000 0.000000 
500 300 4000  144650 105350 250000 259095.411125 518190.822250 2072763289.000000 0.000000 
500 320 4000  140860 109140 250000 266448.587750 532897.175500 2131588702.000000 0.000000 
500 340 4000  137470 112530 250000 273092.494250 546184.988500 2184739954.000000 0.000000 
500 360 4000  134480 115520 250000 279050.525375 558101.050750 2232404203.000000 0.000000 
500 380 4000  131890 118110 250000 286137.746500 572275.493000 2289101972.000000 0.000000 
500 400 4000  129700 120300 250000 289970.390125 579940.780250 2319763121.000000 0.000000 
500 420 4000  127910 122090 250000 297785.371000 595570.742000 2382282968.000000 0.000000 
500 440 4000  126520 123480 250000 303910.152250 607820.304500 2431281218.000000 0.000000 
500 460 4000  125530 124470 250000 305135.372875 610270.745750 2441082983.000000 0.000000 
500 480 4000  124940 125060 250000 302295.974125 604591.948250 2418367793.000000 0.000000 
500 500 4000  124750 125250 250000 307597.269875 615194.539750 2460778159.000000 0.000000 
600 0 4000  359400 600 360000 818.747000 1637.494000 6549976.000000 0.000000 
600 20 4000  347610 12390 360000 31970.639875 63941.279750 255765119.000000 0.000000 
600 40 4000  336220 23780 360000 63618.963125 127237.926250 508951705.000000 0.000000 
600 60 4000  325230 34770 360000 88951.522000 177903.044000 711612176.000000 0.000000 
600 80 4000  314640 45360 360000 115007.489750 230014.979500 920059918.000000 0.000000 
600 100 4000  304450 55550 360000 139223.495625 278446.991250 1113787965.000000 0.000000 
600 120 4000  294660 65340 360000 161705.365000 323410.730000 1293642920.000000 0.000000 
600 140 4000  285270 74730 360000 194435.565250 388871.130500 1555484522.000000 0.000000 
600 160 4000  276280 83720 360000 208119.499875 416238.999750 1664955999.000000 0.000000 
600 180 4000  267690 92310 360000 227554.302750 455108.605500 1820434422.000000 0.000000 
600 200 4000  259500 100500 360000 247253.021625 494506.043250 1978024173.000000 0.000000 
600 220 4000  251710 108290 360000 267679.317125 535358.634250 2141434537.000000 0.000000 
600 240 4000  244320 115680 360000 283785.687000 567571.374000 2270285496.000000 0.000000 
600 260 4000  237330 122670 360000 303609.063125 607218.126250 2428872505.000000 0.000000 
600 280 4000  230740 129260 360000 314332.899375 628665.798750 2514663195.000000 0.000000 
600 300 4000  224550 135450 360000 331192.763375 662385.526750 2649542107.000000 0.000000 
600 320 4000  218760 141240 360000 362612.198250 725224.396500 2900897586.000000 0.000000 
600 340 4000  213370 146630 360000 361248.241875 722496.483750 2889985935.000000 0.000000 
600 360 4000  208380 151620 360000 370725.658875 741451.317750 2965805271.000000 0.000000 
600 380 4000  203790 156210 360000 376783.009000 753566.018000 3014264072.000000 0.000000 
600 400 4000  199600 160400 360000 388220.740000 776441.480000 3105765920.000000 0.000000 
600 420 4000  195810 164190 360000 396031.908250 792063.816500 3168255266.000000 0.000000 
600 440 4000  192420 167580 360000 406072.790625 812145.581250 3248582325.000000 0.000000 
600 460 4000  189430 170570 360000 414305.915125 828611.830250 3314447321.000000 0.000000 
600 480 4000  186840 173160 360000 427811.919875 855623.839750 3422495359.000000 0.000000 
600 500 4000  184650 175350 360000 429642.185375 859284.370750 3437137483.000000 0.000000 
600 520 4000  182860 177140 360000 427697.248625 855394.497250 3421577989.000000 0.000000 
600 540 4000  181470 178530 360000 439368.027375 878736.054750 3514944219.000000 0.000000 
600 560 4000  180480 179520 360000 431578.856125 863157.712250 3452630849.000000 0.000000 
600 580 4000  179890 180110 360000 433511.304875 867022.609750 3468090439.000000 0.000000 
600 600 4000  179700 180300 360000 436771.778625 873543.557250 3494174229.000000 0.000000 
700 0 4000  489300 700 490000 1022.160750 2044.321500 8177286.000000 0.000000 
700 20 4000  475510 14490 490000 36447.594375 72895.188750 291580755.000000 0.000000 
700 40 4000  462120 27880 490000 73983.542250 147967.084500 591868338.000000 0.000000 
700 60 4000  449130 40870 490000 103899.438625 207798.877250 831195509.000000 0.000000 
700 80 4000  436540 53460 490000 135892.722000 271785.444000 1087141776.000000 0.000000 
700 100 4000  424350 65650 490000 163954.304875 327908.609750 1311634439.000000 0.000000 
700 120 4000  412560 77440 490000 192931.125125 385862.250250 1543449001.000000 0.000000 
700 140 4000  401170 88830 490000 222068.735125 444137.470250 1776549881.000000 0.000000 
700 160 4000  390180 99820 490000 248303.635125 496607.270250 1986429081.000000 0.000000 
700 180 4000  379590 110410 490000 272040.105625 544080.211250 2176320845.000000 0.000000 
700 200 4000  369400 120600 490000 305248.250625 610496.501250 2441986005.000000 0.000000 
700 220 4000  359610 130390 490000 320754.962000 641509.924000 2566039696.000000 0.000000 
700 240 4000  350220 139780 490000 348782.927750 697565.855500 2790263422.000000 0.000000 
700 260 4000  341230 148770 490000 363192.178375 726384.356750 2905537427.000000 0.000000 
700 280 4000  332640 157360 490000 383221.935875 766443.871750 3065775487.000000 0.000000 
700 300 4000  324450 165550 490000 403764.068500 807528.137000 3230112548.000000 0.000000 
700 320 4000  316660 173340 490000 420684.291750 841368.583500 3365474334.000000 0.000000 
700 340 4000  309270 180730 490000 439043.389625 878086.779250 3512347117.000000 0.000000 
700 360 4000  302280 187720 490000 455574.342750 911148.685500 3644594742.000000 0.000000 
700 380 4000  295690 194310 490000 489252.747375 978505.494750 3914021979.000000 0.000000 
700 400 4000  289500 200500 490000 486445.430250 972890.860500 3891563442.000000 0.000000 
700 420 4000  283710 206290 490000 501102.162375 1002204.324750 4008817299.000000 0.000000 
700 440 4000  278320 211680 490000 518925.773625 1037851.547250 4151406189.000000 0.000000 
700 460 4000  273330 216670 490000 521449.700625 1042899.401250 4171597605.000000 0.000000 
700 480 4000  268740 221260 490000 532790.720250 1065581.440500 4262325762.000000 0.000000 
700 500 4000  264550 225450 490000 541943.372375 1083886.744750 4335546979.000000 0.000000 
700 520 4000  260760 229240 490000 558948.888750 1117897.777500 4471591110.000000 0.000000 
700 540 4000  257370 232630 490000 559496.034500 1118992.069000 4475968276.000000 0.000000 
700 560 4000  254380 235620 490000 569083.048000 1138166.096000 4552664384.000000 0.000000 
700 580 4000  251790 238210 490000 573372.319500 1146744.639000 4586978556.000000 0.000000 
700 600 4000  249600 240400 490000 582616.486125 1165232.972250 4660931889.000000 0.000000 
700 620 4000  247810 242190 490000 583970.134875 1167940.269750 4671761079.000000 0.000000 
700 640 4000  246420 243580 490000 590147.640500 1180295.281000 4721181124.000000 0.000000 
700 660 4000  245430 244570 490000 599277.224750 1198554.449500 4794217798.000000 0.000000 
700 680 4000  244840 245160 490000 595593.754375 1191187.508750 4764750035.000000 0.000000 
700 700 4000  244650 245350 490000 588474.477125 1176948.954250 4707795817.000000 0.000000 
800 0 4000  639200 800 640000 1185.499125 2370.998250 9483993.000000 0.000000 
800 20 4000  623410 16590 640000 42716.289750 85432.579500 341730318.000000 0.000000 
800 40 4000  608020 31980 640000 86488.390500 172976.781000 691907124.000000 0.000000 
800 60 4000  593030 46970 640000 123430.394875 246860.789750 987443159.000000 0.000000 
800 80 4000  578440 61560 640000 156108.179875 312216.359750 1248865439.000000 0.000000 
800 100 4000  564250 75750 640000 196586.730875 393173.461750 1572693847.000000 0.000000 
800 120 4000  550460 89540 640000 222588.073875 445176.147750 1780704591.000000 0.000000 
800 140 4000  537070 102930 640000 257740.604250 515481.208500 2061924834.000000 0.000000 
800 160 4000  524080 115920 640000 284079.622750 568159.245500 2272636982.000000 0.000000 
800 180 4000  511490 128510 640000 316804.638375 633609.276750 2534437107.000000 0.000000 
800 200 4000  499300 140700 640000 348725.613375 697451.226750 2789804907.000000 0.000000 
800 220 4000  487510 152490 640000 392481.835375 784963.670750 3139854683.000000 0.000000 
800 240 4000  476120 163880 640000 402398.532750 804797.065500 3219188262.000000 0.000000 
800 260 4000  465130 174870 640000 428842.207875 857684.415750 3430737663.000000 0.000000 
800 280 4000  454540 185460 640000 453319.056375 906638.112750 3626552451.000000 0.000000 
800 300 4000  444350 195650 640000 495898.569625 991797.139250 3967188557.000000 0.000000 
800 320 4000  434560 205440 640000 513081.593875 1026163.187750 4104652751.000000 0.000000 
800 340 4000  425170 214830 640000 525096.129750 1050192.259500 4200769038.000000 0.000000 
800 360 4000  416180 223820 640000 542312.883750 1084625.767500 4338503070.000000 0.000000 
800 380 4000  407590 232410 640000 580767.155000 1161534.310000 4646137240.000000 0.000000 
800 400 4000  399400 240600 640000 585265.303125 1170530.606250 4682122425.000000 0.000000 
800 420 4000  391610 248390 640000 599365.025750 1198730.051500 4794920206.000000 0.000000 
800 440 4000  384220 255780 640000 628702.106500 1257404.213000 5029616852.000000 0.000000 
800 460 4000  377230 262770 640000 639395.948875 1278791.897750 5115167591.000000 0.000000 
800 480 4000  370640 269360 640000 654961.522250 1309923.044500 5239692178.000000 0.000000 
800 500 4000  364450 275550 640000 686656.628750 1373313.257500 5493253030.000000 0.000000 
800 520 4000  358660 281340 640000 686823.886125 1373647.772250 5494591089.000000 0.000000 
800 540 4000  353270 286730 640000 710542.733625 1421085.467250 5684341869.000000 0.000000 
800 560 4000  348280 291720 640000 708771.954625 1417543.909250 5670175637.000000 0.000000 
800 580 4000  343690 296310 640000 718314.501375 1436629.002750 5746516011.000000 0.000000 
800 600 4000  339500 300500 640000 729266.036250 1458532.072500 5834128290.000000 0.000000 
800 620 4000  335710 304290 640000 734642.808875 1469285.617750 5877142471.000000 0.000000 
800 640 4000  332320 307680 640000 749040.092875 1498080.185750 5992320743.000000 0.000000 
800 660 4000  329330 310670 640000 772257.286000 1544514.572000 6178058288.000000 0.000000 
800 680 4000  326740 313260 640000 754534.808000 1509069.616000 6036278464.000000 0.000000 
800 700 4000  324550 315450 640000 761987.228125 1523974.456250 6095897825.000000 0.000000 
800 720 4000  322760 317240 640000 763719.282000 1527438.564000 6109754256.000000 0.000000 
800 740 4000  321370 318630 640000 770247.832500 1540495.665000 6161982660.000000 0.000000 
800 760 4000  320380 319620 640000 767998.666250 1535997.332500 6143989330.000000 0.000000 
800 780 4000  319790 320210 640000 782554.180375 1565108.360750 6260433443.000000 0.000000 
800 800 4000  319600 320400 640000 775105.541375 1550211.082750 6200844331.000000 0.000000 
900 0 4000  809100 900 810000 1082.965250 2165.930500 8663722.000000 0.000000 
900 20 4000  791310 18690 810000 47760.741125 95521.482250 382085929.000000 0.000000 
900 40 4000  773920 36080 810000 94852.727000 189705.454000 758821816.000000 0.000000 
900 60 4000  756930 53070 810000 136110.807875 272221.615750 1088886463.000000 0.000000 
900 80 4000  740340 69660 810000 176235.429000 352470.858000 1409883432.000000 0.000000 
900 100 4000  724150 85850 810000 222633.948625 445267.897250 1781071589.000000 0.000000 
900 120 4000  708360 101640 810000 251999.126250 503998.252500 2015993010.000000 0.000000 
900 140 4000  692970 117030 810000 299541.504750 599083.009500 2396332038.000000 0.000000 
900 160 4000  677980 132020 810000 326265.011000 652530.022000 2610120088.000000 0.000000 
900 180 4000  663390 146610 810000 359427.612000 718855.224000 2875420896.000000 0.000000 
900 200 4000  649200 160800 810000 401574.348000 803148.696000 3212594784.000000 0.000000 
900 220 4000  635410 174590 810000 424265.028625 848530.057250 3394120229.000000 0.000000 
900 240 4000  622020 187980 810000 459335.219875 918670.439750 3674681759.000000 0.000000 
900 260 4000  609030 200970 810000 488305.467250 976610.934500 3906443738.000000 0.000000 
900 280 4000  596440 213560 810000 517511.569000 1035023.138000 4140092552.000000 0.000000 
900 300 4000  584250 225750 810000 548164.867125 1096329.734250 4385318937.000000 0.000000 
900 320 4000  572460 237540 810000 575951.473625 1151902.947250 4607611789.000000 0.000000 
900 340 4000  561070 248930 810000 617876.673000 1235753.346000 4943013384.000000 0.000000 
900 360 4000  550080 259920 810000 629647.772000 1259295.544000 5037182176.000000 0.000000 
900 380 4000  539490 270510 810000 677726.044125 1355452.088250 5421808353.000000 0.000000 
900 400 4000  529300 280700 810000 698396.497625 1396792.995250 5587171981.000000 0.000000 
900 420 4000  519510 290490 810000 704386.019875 1408772.039750 5635088159.000000 0.000000 
900 440 4000  510120 299880 810000 727076.437125 1454152.874250 5816611497.000000 0.000000 
900 460 4000  501130 308870 810000 750128.261375 1500256.522750 6001026091.000000 0.000000 
900 480 4000  492540 317460 810000 788805.137625 1577610.275250 6310441101.000000 0.000000 
900 500 4000  484350 325650 810000 792782.735125 1585565.470250 6342261881.000000 0.000000 
900 520 4000  476560 333440 810000 809756.426750 1619512.853500 6478051414.000000 0.000000 
900 540 4000  469170 340830 810000 827897.153500 1655794.307000 6623177228.000000 0.000000 
900 560 4000  462180 347820 810000 870029.223750 1740058.447500 6960233790.000000 0.000000 
900 580 4000  455590 354410 810000 855138.185375 1710276.370750 6841105483.000000 0.000000 
900 600 4000  449400 360600 810000 872080.975000 1744161.950000 6976647800.000000 0.000000 
900 620 4000  443610 366390 810000 923842.082375 1847684.164750 7390736659.000000 0.000000 
900 640 4000  438220 371780 810000 939636.807500 1879273.615000 7517094460.000000 0.000000 
900 660 4000  433230 376770 810000 917495.382000 1834990.764000 7339963056.000000 0.000000 
900 680 4000  428640 381360 810000 942664.018750 1885328.037500 7541312150.000000 0.000000 
900 700 4000  424450 385550 810000 936171.248875 1872342.497750 7489369991.000000 0.000000 
900 720 4000  420660 389340 810000 950788.733375 1901577.466750 7606309867.000000 0.000000 
900 740 4000  417270 392730 810000 965611.238000 1931222.476000 7724889904.000000 0.000000 
900 760 4000  414280 395720 810000 963916.739000 1927833.478000 7711333912.000000 0.000000 
900 780 4000  411690 398310 810000 983535.588250 1967071.176500 7868284706.000000 0.000000 
900 800 4000  409500 400500 810000 975508.723875 1951017.447750 7804069791.000000 0.000000 
900 820 4000  407710 402290 810000 972052.773500 1944105.547000 7776422188.000000 0.000000 
900 840 4000  406320 403680 810000 1000271.492500 2000542.985000 8002171940.000000 0.000000 
900 860 4000  405330 404670 810000 980318.858750 1960637.717500 7842550870.000000 0.000000 
900 880 4000  404740 405260 810000 1015482.352750 2030964.705500 8123858822.000000 0.000000 
900 900 4000  404550 405450 810000 984015.273750 1968030.547500 7872122190.000000 0.000000 
1000 0 4000  999000 1000 1000000 1138.190000 2276.380000 9105520.000000 0.000000 
1000 20 4000  979210 20790 1000000 61631.077375 123262.154750 493048619.000000 0.000000 
1000 40 4000  959820 40180 1000000 118228.034125 236456.068250 945824273.000000 0.000000 
1000 60 4000  940830 59170 1000000 163258.471625 326516.943250 1306067773.000000 0.000000 
1000 80 4000  922240 77760 1000000 236166.177250 472332.354500 1889329418.000000 0.000000 
1000 100 4000  904050 95950 1000000 262749.631000 525499.262000 2101997048.000000 0.000000 
1000 120 4000  886260 113740 1000000 309341.534625 618683.069250 2474732277.000000 0.000000 
1000 140 4000  868870 131130 1000000 368278.116500 736556.233000 2946224932.000000 0.000000 
1000 160 4000  851880 148120 1000000 402327.039500 804654.079000 3218616316.000000 0.000000 
1000 180 4000  835290 164710 1000000 454657.112625 909314.225250 3637256901.000000 0.000000 
1000 200 4000  819100 180900 1000000 450458.175500 900916.351000 3603665404.000000 0.000000 
1000 220 4000  803310 196690 1000000 480170.916500 960341.833000 3841367332.000000 0.000000 
1000 240 4000  787920 212080 1000000 525769.390750 1051538.781500 4206155126.000000 0.000000 
1000 260 4000  772930 227070 1000000 556024.710375 1112049.420750 4448197683.000000 0.000000 
1000 280 4000  758340 241660 1000000 602657.126000 1205314.252000 4821257008.000000 0.000000 
1000 300 4000  744150 255850 1000000 628947.204250 1257894.408500 5031577634.000000 0.000000 
1000 320 4000  730360 269640 1000000 655620.087125 1311240.174250 5244960697.000000 0.000000 
1000 340 4000  716970 283030 1000000 695909.618625 1391819.237250 5567276949.000000 0.000000 
1000 360 4000  703980 296020 1000000 758141.275125 1516282.550250 6065130201.000000 0.000000 
1000 380 4000  691390 308610 1000000 760482.824375 1520965.648750 6083862595.000000 0.000000 
1000 400 4000  679200 320800 1000000 784586.559250 1569173.118500 6276692474.000000 0.000000 
1000 420 4000  667410 332590 1000000 806964.144625 1613928.289250 6455713157.000000 0.000000 
1000 440 4000  656020 343980 1000000 830055.038375 1660110.076750 6640440307.000000 0.000000 
1000 460 4000  645030 354970 1000000 863618.034125 1727236.068250 6908944273.000000 0.000000 
1000 480 4000  634440 365560 1000000 909984.617125 1819969.234250 7279876937.000000 0.000000 
1000 500 4000  624250 375750 1000000 915237.082625 1830474.165250 7321896661.000000 0.000000 
1000 520 4000  614460 385540 1000000 935236.527500 1870473.055000 7481892220.000000 0.000000 
1000 540 4000  605070 394930 1000000 984442.906125 1968885.812250 7875543249.000000 0.000000 
1000 560 4000  596080 403920 1000000 1008267.587125 2016535.174250 8066140697.000000 0.000000 
1000 580 4000  587490 412510 1000000 1030008.454750 2060016.909500 8240067638.000000 0.000000 
1000 600 4000  579300 420700 1000000 1046431.084750 2092862.169500 8371448678.000000 0.000000 
1000 620 4000  571510 428490 1000000 1051367.109000 2102734.218000 8410936872.000000 0.000000 
1000 640 4000  564120 435880 1000000 1054826.672000 2109653.344000 8438613376.000000 0.000000 
1000 660 4000  557130 442870 1000000 1077721.855750 2155443.711500 8621774846.000000 0.000000 
1000 680 4000  550540 449460 1000000 1134311.774125 2268623.548250 9074494193.000000 0.000000 
1000 700 4000  544350 455650 1000000 1113496.090625 2226992.181250 8907968725.000000 0.000000 
1000 720 4000  538560 461440 1000000 1117209.594625 2234419.189250 8937676757.000000 0.000000 
1000 740 4000  533170 466830 1000000 1152650.444750 2305300.889500 9221203558.000000 0.000000 
1000 760 4000  528180 471820 1000000 1149841.409125 2299682.818250 9198731273.000000 0.000000 
1000 780 4000  523590 476410 1000000 1194320.713250 2388641.426500 9554565706.000000 0.000000 
1000 800 4000  519400 480600 1000000 1189895.370250 2379790.740500 9519162962.000000 0.000000 
1000 820 4000  515610 484390 1000000 1210810.600250 2421621.200500 9686484802.000000 0.000000 
1000 840 4000  512220 487780 1000000 1224131.283250 2448262.566500 9793050266.000000 0.000000 
1000 860 4000  509230 490770 1000000 1205619.114375 2411238.228750 9644952915.000000 0.000000 
1000 880 4000  506640 493360 1000000 1197013.556625 2394027.113250 9576108453.000000 0.000000 
1000 900 4000  504450 495550 1000000 1226668.253875 2453336.507750 9813346031.000000 0.000000 
1000 920 4000  502660 497340 1000000 1218232.368500 2436464.737000 9745858948.000000 0.000000 
1000 940 4000  501270 498730 1000000 1222063.003125 2444126.006250 9776504025.000000 0.000000 
1000 960 4000  500280 499720 1000000 1232117.235625 2464234.471250 9856937885.000000 0.000000 
1000 980 4000  499690 500310 1000000 1233490.490375 2466980.980750 9867923923.000000 0.000000 
1000 1000 4000  499500 500500 1000000 1210583.557750 2421167.115500 9684668462.000000 0.000000 
