10 0 10000  90 10 100 22.013450 44.026900 440269.000000 0.000000 
10 5 10000  55 45 100 126.564250 253.128500 2531285.000000 0.000000 
10 10 10000  45 55 100 170.217650 340.435300 3404353.000000 0.000000 
20 0 10000  380 20 400 42.624100 85.248200 852482.000000 0.000000 
20 5 10000  295 105 400 304.432650 608.865300 6088653.000000 0.000000 
20 10 10000  235 165 400 448.629150 897.258300 8972583.000000 0.000000 
20 15 10000  200 200 400 521.243050 1042.486100 10424861.000000 0.000000 
20 20 10000  190 210 400 608.603500 1217.207000 12172070.000000 0.000000 
30 0 10000  870 30 900 54.897700 109.795400 1097954.000000 0.000000 
30 5 10000  735 165 900 466.094450 932.188900 9321889.000000 0.000000 
30 10 10000  625 275 900 708.025000 1416.050000 14160500.000000 0.000000 
30 15 10000  540 360 900 1057.739950 2115.479900 21154799.000000 0.000000 
30 20 10000  480 420 900 1061.670750 2123.341500 21233415.000000 0.000000 
30 25 10000  445 455 900 1213.276350 2426.552700 24265527.000000 0.000000 
30 30 10000  435 465 900 1212.040200 2424.080400 24240804.000000 0.000000 
40 0 10000  1560 40 1600 82.295050 164.590100 1645901.000000 0.000000 
40 5 10000  1375 225 1600 603.396950 1206.793900 12067939.000000 0.000000 
40 10 10000  1215 385 1600 1029.219750 2058.439500 20584395.000000 0.000000 
40 15 10000  1080 520 1600 1307.272600 2614.545200 26145452.000000 0.000000 
40 20 10000  970 630 1600 1564.301550 3128.603100 31286031.000000 0.000000 
40 25 10000  885 715 1600 1892.095000 3784.190000 37841900.000000 0.000000 
40 30 10000  825 775 1600 1932.919350 3865.838700 38658387.000000 0.000000 
40 35 10000  790 810 1600 2107.967800 4215.935600 42159356.000000 0.000000 
40 40 10000  780 820 1600 2094.619400 4189.238800 41892388.000000 0.000000 
50 0 10000  2450 50 2500 115.980150 231.960300 2319603.000000 0.000000 
50 5 10000  2215 285 2500 746.211650 1492.423300 14924233.000000 0.000000 
50 10 10000  2005 495 2500 1248.432900 2496.865800 24968658.000000 0.000000 
50 15 10000  1820 680 2500 1706.937950 3413.875900 34138759.000000 0.000000 
50 20 10000  1660 840 2500 2220.237150 4440.474300 44404743.000000 0.000000 
50 25 10000  1525 975 2500 2391.695950 4783.391900 47833919.000000 0.000000 
50 30 10000  1415 1085 2500 2754.150500 5508.301000 55083010.000000 0.000000 
50 35 10000  1330 1170 2500 2958.201500 5916.403000 59164030.000000 0.000000 
50 40 10000  1270 1230 2500 3189.657150 6379.314300 63793143.000000 0.000000 
50 45 10000  1235 1265 2500 3360.952050 6721.904100 67219041.000000 0.000000 
50 50 10000  1225 1275 2500 3569.086300 7138.172600 71381726.000000 0.000000 
60 0 10000  3540 60 3600 124.078950 248.157900 2481579.000000 0.000000 
60 5 10000  3255 345 3600 1011.567050 2023.134100 20231341.000000 0.000000 
60 10 10000  2995 605 3600 1547.729300 3095.458600 30954586.000000 0.000000 
60 15 10000  2760 840 3600 2130.176750 4260.353500 42603535.000000 0.000000 
60 20 10000  2550 1050 3600 2550.736950 5101.473900 51014739.000000 0.000000 
60 25 10000  2365 1235 3600 3009.060050 6018.120100 60181201.000000 0.000000 
60 30 10000  2205 1395 3600 3416.660500 6833.321000 68333210.000000 0.000000 
60 35 10000  2070 1530 3600 3996.782450 7993.564900 79935649.000000 0.000000 
60 40 10000  1960 1640 3600 4298.937450 8597.874900 85978749.000000 0.000000 
60 45 10000  1875 1725 3600 4564.774200 9129.548400 91295484.000000 0.000000 
60 50 10000  1815 1785 3600 4467.488300 8934.976600 89349766.000000 0.000000 
60 55 10000  1780 1820 3600 4799.528200 9599.056400 95990564.000000 0.000000 
60 60 10000  1770 1830 3600 4619.582400 9239.164800 92391648.000000 0.000000 
70 0 10000  4830 70 4900 144.586500 289.173000 2891730.000000 0.000000 
70 5 10000  4495 405 4900 1084.769700 2169.539400 21695394.000000 0.000000 
70 10 10000  4185 715 4900 1781.802300 3563.604600 35636046.000000 0.000000 
70 15 10000  3900 1000 4900 2504.945400 5009.890800 50098908.000000 0.000000 
70 20 10000  3640 1260 4900 3090.906200 6181.812400 61818124.000000 0.000000 
70 25 10000  3405 1495 4900 3929.082800 7858.165600 78581656.000000 0.000000 
70 30 10000  3195 1705 4900 4230.175400 8460.350800 84603508.000000 0.000000 
70 35 10000  3010 1890 4900 4632.180000 9264.360000 92643600.000000 0.000000 
70 40 10000  2850 2050 4900 5265.113550 10530.227100 105302271.000000 0.000000 
70 45 10000  2715 2185 4900 5529.417000 11058.834000 110588340.000000 0.000000 
70 50 10000  2605 2295 4900 5868.660400 11737.320800 117373208.000000 0.000000 
70 55 10000  2520 2380 4900 6066.848800 12133.697600 121336976.000000 0.000000 
70 60 10000  2460 2440 4900 6083.520600 12167.041200 121670412.000000 0.000000 
70 65 10000  2425 2475 4900 6241.810250 12483.620500 124836205.000000 0.000000 
70 70 10000  2415 2485 4900 6298.786100 12597.572200 125975722.000000 0.000000 
80 0 10000  6320 80 6400 170.494700 340.989400 3409894.000000 0.000000 
80 5 10000  5935 465 6400 1262.231200 2524.462400 25244624.000000 0.000000 
80 10 10000  5575 825 6400 2053.249750 4106.499500 41064995.000000 0.000000 
80 15 10000  5240 1160 6400 2862.159300 5724.318600 57243186.000000 0.000000 
80 20 10000  4930 1470 6400 3663.199600 7326.399200 73263992.000000 0.000000 
80 25 10000  4645 1755 6400 4272.089000 8544.178000 85441780.000000 0.000000 
80 30 10000  4385 2015 6400 5000.198400 10000.396800 100003968.000000 0.000000 
80 35 10000  4150 2250 6400 6176.539300 12353.078600 123530786.000000 0.000000 
80 40 10000  3940 2460 6400 6443.207800 12886.415600 128864156.000000 0.000000 
80 45 10000  3755 2645 6400 6787.360550 13574.721100 135747211.000000 0.000000 
80 50 10000  3595 2805 6400 7441.372250 14882.744500 148827445.000000 0.000000 
80 55 10000  3460 2940 6400 7381.328250 14762.656500 147626565.000000 0.000000 
80 60 10000  3350 3050 6400 7857.638250 15715.276500 157152765.000000 0.000000 
80 65 10000  3265 3135 6400 8186.110900 16372.221800 163722218.000000 0.000000 
80 70 10000  3205 3195 6400 8009.872850 16019.745700 160197457.000000 0.000000 
80 75 10000  3170 3230 6400 8230.366200 16460.732400 164607324.000000 0.000000 
80 80 10000  3160 3240 6400 8037.528400 16075.056800 160750568.000000 0.000000 
90 0 10000  8010 90 8100 179.739300 359.478600 3594786.000000 0.000000 
90 5 10000  7575 525 8100 1374.191100 2748.382200 27483822.000000 0.000000 
90 10 10000  7165 935 8100 2331.698100 4663.396200 46633962.000000 0.000000 
90 15 10000  6780 1320 8100 3231.638350 6463.276700 64632767.000000 0.000000 
90 20 10000  6420 1680 8100 4106.455250 8212.910500 82129105.000000 0.000000 
90 25 10000  6085 2015 8100 4941.386200 9882.772400 98827724.000000 0.000000 
90 30 10000  5775 2325 8100 5880.835950 11761.671900 117616719.000000 0.000000 
90 35 10000  5490 2610 8100 6980.940850 13961.881700 139618817.000000 0.000000 
90 40 10000  5230 2870 8100 7395.760000 14791.520000 147915200.000000 0.000000 
90 45 10000  4995 3105 8100 7988.623650 15977.247300 159772473.000000 0.000000 
90 50 10000  4785 3315 8100 8766.140350 17532.280700 175322807.000000 0.000000 
90 55 10000  4600 3500 8100 8813.250800 17626.501600 176265016.000000 0.000000 
90 60 10000  4440 3660 8100 9313.768850 18627.537700 186275377.000000 0.000000 
90 65 10000  4305 3795 8100 9656.423450 19312.846900 193128469.000000 0.000000 
90 70 10000  4195 3905 8100 9712.168450 19424.336900 194243369.000000 0.000000 
90 75 10000  4110 3990 8100 10515.672000 21031.344000 210313440.000000 0.000000 
90 80 10000  4050 4050 8100 10351.728050 20703.456100 207034561.000000 0.000000 
90 85 10000  4015 4085 8100 10364.069100 20728.138200 207281382.000000 0.000000 
90 90 10000  4005 4095 8100 10239.128250 20478.256500 204782565.000000 0.000000 
100 0 10000  9900 100 10000 212.415450 424.830900 4248309.000000 0.000000 
100 5 10000  9415 585 10000 1532.477900 3064.955800 30649558.000000 0.000000 
100 10 10000  8955 1045 10000 2576.434000 5152.868000 51528680.000000 0.000000 
100 15 10000  8520 1480 10000 3672.149900 7344.299800 73442998.000000 0.000000 
100 20 10000  8110 1890 10000 4601.945550 9203.891100 92038911.000000 0.000000 
100 25 10000  7725 2275 10000 5746.091850 11492.183700 114921837.000000 0.000000 
100 30 10000  7365 2635 10000 6611.035450 13222.070900 132220709.000000 0.000000 
100 35 10000  7030 2970 10000 7684.899100 15369.798200 153697982.000000 0.000000 
100 40 10000  6720 3280 10000 8640.110500 17280.221000 172802210.000000 0.000000 
100 45 10000  6435 3565 10000 9414.591500 18829.183000 188291830.000000 0.000000 
100 50 10000  6175 3825 10000 9832.417550 19664.835100 196648351.000000 0.000000 
100 55 10000  5940 4060 10000 10572.397400 21144.794800 211447948.000000 0.000000 
100 60 10000  5730 4270 10000 10788.358900 21576.717800 215767178.000000 0.000000 
100 65 10000  5545 4455 10000 11317.149450 22634.298900 226342989.000000 0.000000 
100 70 10000  5385 4615 10000 11764.744450 23529.488900 235294889.000000 0.000000 
100 75 10000  5250 4750 10000 11985.450200 23970.900400 239709004.000000 0.000000 
100 80 10000  5140 4860 10000 12412.838250 24825.676500 248256765.000000 0.000000 
100 85 10000  5055 4945 10000 13149.849500 26299.699000 262996990.000000 0.000000 
100 90 10000  4995 5005 10000 12835.883400 25671.766800 256717668.000000 0.000000 
100 95 10000  4960 5040 10000 12877.443500 25754.887000 257548870.000000 0.000000 
100 100 10000  4950 5050 10000 12980.803800 25961.607600 259616076.000000 0.000000 
100 0 10000  9900 100 10000 193.039350 386.078700 3860787.000000 0.000000 
100 10 10000  8955 1045 10000 2826.598550 5653.197100 56531971.000000 0.000000 
100 20 10000  8110 1890 10000 5431.984200 10863.968400 108639684.000000 0.000000 
100 30 10000  7365 2635 10000 6729.712450 13459.424900 134594249.000000 0.000000 
100 40 10000  6720 3280 10000 8596.789750 17193.579500 171935795.000000 0.000000 
100 50 10000  6175 3825 10000 10063.393450 20126.786900 201267869.000000 0.000000 
100 60 10000  5730 4270 10000 10823.580650 21647.161300 216471613.000000 0.000000 
100 70 10000  5385 4615 10000 11671.115900 23342.231800 233422318.000000 0.000000 
100 80 10000  5140 4860 10000 11914.260150 23828.520300 238285203.000000 0.000000 
100 90 10000  4995 5005 10000 12508.044250 25016.088500 250160885.000000 0.000000 
100 100 10000  4950 5050 10000 12957.906100 25915.812200 259158122.000000 0.000000 
200 0 10000  39800 200 40000 389.515050 779.030100 7790301.000000 0.000000 
200 10 10000  37855 2145 40000 5284.438200 10568.876400 105688764.000000 nan 
200 20 10000  36010 3990 40000 9923.907300 19847.814600 198478146.000000 nan 
200 30 10000  34265 5735 40000 14050.942050 28101.884100 281018841.000000 nan 
200 40 10000  32620 7380 40000 18726.082600 37452.165200 374521652.000000 nan 
200 50 10000  31075 8925 40000 23711.961550 47423.923100 474239231.000000 nan 
200 60 10000  29630 10370 40000 25725.257850 51450.515700 514505157.000000 nan 
200 70 10000  28285 11715 40000 29423.978450 58847.956900 588479569.000000 nan 
200 80 10000  27040 12960 40000 31725.545250 63451.090500 634510905.000000 nan 
200 90 10000  25895 14105 40000 34658.275700 69316.551400 693165514.000000 nan 
200 100 10000  24850 15150 40000 36951.427050 73902.854100 739028541.000000 nan 
200 110 10000  23905 16095 40000 40841.171500 81682.343000 816823430.000000 nan 
200 120 10000  23060 16940 40000 40942.451650 81884.903300 818849033.000000 nan 
200 130 10000  22315 17685 40000 42657.340300 85314.680600 853146806.000000 nan 
200 140 10000  21670 18330 40000 44890.536600 89781.073200 897810732.000000 nan 
200 150 10000  21125 18875 40000 46381.387600 92762.775200 927627752.000000 nan 
200 160 10000  20680 19320 40000 47749.199450 95498.398900 954983989.000000 nan 
200 170 10000  20335 19665 40000 47536.962750 95073.925500 950739255.000000 nan 
200 180 10000  20090 19910 40000 48617.998700 97235.997400 972359974.000000 nan 
200 190 10000  19945 20055 40000 48401.013650 96802.027300 968020273.000000 nan 
200 200 10000  19900 20100 40000 49798.581450 99597.162900 995971629.000000 nan 
300 0 10000  89700 300 90000 637.515900 1275.031800 12750318.000000 0.000000 
300 10 10000  86755 3245 90000 8045.153700 16090.307400 160903074.000000 nan 
300 20 10000  83910 6090 90000 15294.384800 30588.769600 305887696.000000 nan 
300 30 10000  81165 8835 90000 21055.326100 42110.652200 421106522.000000 nan 
300 40 10000  78520 11480 90000 29515.121700 59030.243400 590302434.000000 nan 
300 50 10000  75975 14025 90000 35258.673950 70517.347900 705173479.000000 nan 
300 60 10000  73530 16470 90000 41615.717600 83231.435200 832314352.000000 nan 
300 70 10000  71185 18815 90000 47532.782900 95065.565800 950655658.000000 nan 
300 80 10000  68940 21060 90000 52229.118400 104458.236800 1044582368.000000 nan 
300 90 10000  66795 23205 90000 56385.136900 112770.273800 1127702738.000000 nan 
300 100 10000  64750 25250 90000 61809.615600 123619.231200 1236192312.000000 nan 
300 110 10000  62805 27195 90000 67789.593050 135579.186100 1355791861.000000 nan 
300 120 10000  60960 29040 90000 70662.292150 141324.584300 1413245843.000000 nan 
300 130 10000  59215 30785 90000 75055.222500 150110.445000 1501104450.000000 nan 
300 140 10000  57570 32430 90000 79631.327850 159262.655700 1592626557.000000 nan 
300 150 10000  56025 33975 90000 82761.567550 165523.135100 1655231351.000000 nan 
300 160 10000  54580 35420 90000 87321.239350 174642.478700 1746424787.000000 nan 
300 170 10000  53235 36765 90000 90625.870400 181251.740800 1812517408.000000 nan 
300 180 10000  51990 38010 90000 93179.616150 186359.232300 1863592323.000000 nan 
300 190 10000  50845 39155 90000 94238.197850 188476.395700 1884763957.000000 nan 
300 200 10000  49800 40200 90000 98080.218250 196160.436500 1961604365.000000 nan 
300 210 10000  48855 41145 90000 98653.298450 197306.596900 1973065969.000000 nan 
300 220 10000  48010 41990 90000 104249.006650 208498.013300 2084980133.000000 nan 
300 230 10000  47265 42735 90000 102973.511700 205947.023400 2059470234.000000 nan 
300 240 10000  46620 43380 90000 106329.464850 212658.929700 2126589297.000000 nan 
300 250 10000  46075 43925 90000 105893.801450 211787.602900 2117876029.000000 nan 
300 260 10000  45630 44370 90000 107450.740700 214901.481400 2149014814.000000 nan 
300 270 10000  45285 44715 90000 108542.468200 217084.936400 2170849364.000000 nan 
300 280 10000  45040 44960 90000 108496.100300 216992.200600 2169922006.000000 nan 
300 290 10000  44895 45105 90000 107170.622800 214341.245600 2143412456.000000 nan 
300 300 10000  44850 45150 90000 110108.164000 220216.328000 2202163280.000000 nan 
400 0 10000  159600 400 160000 849.853550 1699.707100 16997071.000000 0.000000 
400 10 10000  155655 4345 160000 10719.976200 21439.952400 214399524.000000 nan 
400 20 10000  151810 8190 160000 19917.070150 39834.140300 398341403.000000 nan 
400 30 10000  148065 11935 160000 29354.032250 58708.064500 587080645.000000 nan 
400 40 10000  144420 15580 160000 40139.520250 80279.040500 802790405.000000 nan 
400 50 10000  140875 19125 160000 48587.841600 97175.683200 971756832.000000 nan 
400 60 10000  137430 22570 160000 55729.839500 111459.679000 1114596790.000000 nan 
400 70 10000  134085 25915 160000 65017.742850 130035.485700 1300354857.000000 nan 
400 80 10000  130840 29160 160000 71609.850350 143219.700700 1432197007.000000 nan 
400 90 10000  127695 32305 160000 79497.454800 158994.909600 1589949096.000000 nan 
400 100 10000  124650 35350 160000 86211.577450 172423.154900 1724231549.000000 nan 
400 110 10000  121705 38295 160000 94255.349200 188510.698400 1885106984.000000 nan 
400 120 10000  118860 41140 160000 101196.632000 202393.264000 2023932640.000000 nan 
400 130 10000  116115 43885 160000 107580.661100 215161.322200 2151613222.000000 nan 
400 140 10000  113470 46530 160000 111889.033500 223778.067000 2237780670.000000 nan 
400 150 10000  110925 49075 160000 119241.523800 238483.047600 2384830476.000000 nan 
400 160 10000  108480 51520 160000 127219.827400 254439.654800 2544396548.000000 nan 
400 170 10000  106135 53865 160000 130669.088700 261338.177400 2613381774.000000 nan 
400 180 10000  103890 56110 160000 135835.707150 271671.414300 2716714143.000000 nan 
400 190 10000  101745 58255 160000 141329.577700 282659.155400 2826591554.000000 nan 
400 200 10000  99700 60300 160000 146162.914450 292325.828900 2923258289.000000 nan 
400 210 10000  97755 62245 160000 150338.528900 300677.057800 3006770578.000000 nan 
400 220 10000  95910 64090 160000 153929.753650 307859.507300 3078595073.000000 nan 
400 230 10000  94165 65835 160000 160992.365350 321984.730700 3219847307.000000 nan 
400 240 10000  92520 67480 160000 162332.686050 324665.372100 3246653721.000000 nan 
400 250 10000  90975 69025 160000 165157.091800 330314.183600 3303141836.000000 nan 
400 260 10000  89530 70470 160000 170184.364350 340368.728700 3403687287.000000 nan 
400 270 10000  88185 71815 160000 172732.640200 345465.280400 3454652804.000000 nan 
400 280 10000  86940 73060 160000 177358.544950 354717.089900 3547170899.000000 nan 
400 290 10000  85795 74205 160000 176198.321350 352396.642700 3523966427.000000 nan 
400 300 10000  84750 75250 160000 179586.267200 359172.534400 3591725344.000000 nan 
400 310 10000  83805 76195 160000 182234.177750 364468.355500 3644683555.000000 nan 
400 320 10000  82960 77040 160000 184698.783850 369397.567700 3693975677.000000 nan 
400 330 10000  82215 77785 160000 187012.860900 374025.721800 3740257218.000000 nan 
400 340 10000  81570 78430 160000 186975.093050 373950.186100 3739501861.000000 nan 
400 350 10000  81025 78975 160000 188294.432600 376588.865200 3765888652.000000 nan 
400 360 10000  80580 79420 160000 192861.178000 385722.356000 3857223560.000000 nan 
400 370 10000  80235 79765 160000 191142.431200 382284.862400 3822848624.000000 nan 
400 380 10000  79990 80010 160000 192043.524300 384087.048600 3840870486.000000 nan 
400 390 10000  79845 80155 160000 194023.211800 388046.423600 3880464236.000000 nan 
400 400 10000  79800 80200 160000 195226.474050 390452.948100 3904529481.000000 nan 
500 0 10000  249500 500 250000 1030.936950 2061.873900 20618739.000000 0.000000 
500 10 10000  244555 5445 250000 13316.844400 26633.688800 266336888.000000 nan 
500 20 10000  239710 10290 250000 25014.612750 50029.225500 500292255.000000 nan 
500 30 10000  234965 15035 250000 36359.316750 72718.633500 727186335.000000 nan 
500 40 10000  230320 19680 250000 50047.948700 100095.897400 1000958974.000000 nan 
500 50 10000  225775 24225 250000 62035.781300 124071.562600 1240715626.000000 nan 
500 60 10000  221330 28670 250000 71862.140900 143724.281800 1437242818.000000 nan 
500 70 10000  216985 33015 250000 82154.996750 164309.993500 1643099935.000000 nan 
500 80 10000  212740 37260 250000 92267.445450 184534.890900 1845348909.000000 nan 
500 90 10000  208595 41405 250000 102726.874950 205453.749900 2054537499.000000 nan 
500 100 10000  204550 45450 250000 111077.941550 222155.883100 2221558831.000000 nan 
500 110 10000  200605 49395 250000 120466.402850 240932.805700 2409328057.000000 nan 
500 120 10000  196760 53240 250000 130281.938700 260563.877400 2605638774.000000 nan 
500 130 10000  193015 56985 250000 139003.811150 278007.622300 2780076223.000000 nan 
500 140 10000  189370 60630 250000 147941.036150 295882.072300 2958820723.000000 nan 
500 150 10000  185825 64175 250000 158367.831950 316735.663900 3167356639.000000 nan 
500 160 10000  182380 67620 250000 163945.749800 327891.499600 3278914996.000000 nan 
500 170 10000  179035 70965 250000 172149.700900 344299.401800 3442994018.000000 nan 
500 180 10000  175790 74210 250000 179618.106850 359236.213700 3592362137.000000 nan 
500 190 10000  172645 77355 250000 188894.868150 377789.736300 3777897363.000000 nan 
500 200 10000  169600 80400 250000 194202.577900 388405.155800 3884051558.000000 nan 
500 210 10000  166655 83345 250000 200094.235650 400188.471300 4001884713.000000 nan 
500 220 10000  163810 86190 250000 207237.766000 414475.532000 4144755320.000000 nan 
500 230 10000  161065 88935 250000 213366.089250 426732.178500 4267321785.000000 nan 
500 240 10000  158420 91580 250000 219287.548950 438575.097900 4385750979.000000 nan 
500 250 10000  155875 94125 250000 224882.098500 449764.197000 4497641970.000000 nan 
500 260 10000  153430 96570 250000 231347.837600 462695.675200 4626956752.000000 nan 
500 270 10000  151085 98915 250000 238238.985050 476477.970100 4764779701.000000 nan 
500 280 10000  148840 101160 250000 243666.032750 487332.065500 4873320655.000000 nan 
500 290 10000  146695 103305 250000 247331.523650 494663.047300 4946630473.000000 nan 
500 300 10000  144650 105350 250000 254527.857500 509055.715000 5090557150.000000 nan 
500 310 10000  142705 107295 250000 259103.545650 518207.091300 5182070913.000000 nan 
500 320 10000  140860 109140 250000 258935.773400 517871.546800 5178715468.000000 nan 
500 330 10000  139115 110885 250000 265163.958950 530327.917900 5303279179.000000 nan 
500 340 10000  137470 112530 250000 270079.376050 540158.752100 5401587521.000000 nan 
500 350 10000  135925 114075 250000 270465.049800 540930.099600 5409300996.000000 nan 
500 360 10000  134480 115520 250000 306559.313500 613118.627000 6131186270.000000 nan 
500 370 10000  133135 116865 250000 327013.244000 654026.488000 6540264880.000000 nan 
500 380 10000  131890 118110 250000 325547.094900 651094.189800 6510941898.000000 nan 
500 390 10000  130745 119255 250000 311649.173600 623298.347200 6232983472.000000 nan 
500 400 10000  129700 120300 250000 314098.711300 628197.422600 6281974226.000000 nan 
500 410 10000  128755 121245 250000 318444.927250 636889.854500 6368898545.000000 nan 
500 420 10000  127910 122090 250000 316801.243250 633602.486500 6336024865.000000 nan 
500 430 10000  127165 122835 250000 322930.294050 645860.588100 6458605881.000000 nan 
500 440 10000  126520 123480 250000 317600.702950 635201.405900 6352014059.000000 nan 
500 450 10000  125975 124025 250000 321380.616600 642761.233200 6427612332.000000 nan 
500 460 10000  125530 124470 250000 324749.260250 649498.520500 6494985205.000000 nan 
500 470 10000  125185 124815 250000 323208.154300 646416.308600 6464163086.000000 nan 
500 480 10000  124940 125060 250000 325361.812900 650723.625800 6507236258.000000 nan 
500 490 10000  124795 125205 250000 318099.777550 636199.555100 6361995551.000000 nan 
500 500 10000  124750 125250 250000 324657.950000 649315.900000 6493159000.000000 nan 
600 0 10000  359400 600 360000 1127.930500 2255.861000 22558610.000000 0.000000 
600 10 10000  353455 6545 360000 18012.689000 36025.378000 360253780.000000 nan 
600 20 10000  347610 12390 360000 32970.475250 65940.950500 659409505.000000 nan 
600 30 10000  341865 18135 360000 48813.366350 97626.732700 976267327.000000 nan 
600 40 10000  336220 23780 360000 65606.818000 131213.636000 1312136360.000000 nan 
600 50 10000  330675 29325 360000 80419.730300 160839.460600 1608394606.000000 nan 
600 60 10000  325230 34770 360000 94647.207550 189294.415100 1892944151.000000 nan 
600 70 10000  319885 40115 360000 108016.752550 216033.505100 2160335051.000000 nan 
600 80 10000  314640 45360 360000 122509.089400 245018.178800 2450181788.000000 nan 
600 90 10000  309495 50505 360000 134109.890550 268219.781100 2682197811.000000 nan 
600 100 10000  304450 55550 360000 151382.445250 302764.890500 3027648905.000000 nan 
600 110 10000  299505 60495 360000 164864.245150 329728.490300 3297284903.000000 nan 
600 120 10000  294660 65340 360000 177011.323250 354022.646500 3540226465.000000 nan 
600 130 10000  289915 70085 360000 183423.712550 366847.425100 3668474251.000000 nan 
600 140 10000  285270 74730 360000 195246.765750 390493.531500 3904935315.000000 nan 
600 150 10000  280725 79275 360000 203211.578700 406423.157400 4064231574.000000 nan 
600 160 10000  276280 83720 360000 216233.197700 432466.395400 4324663954.000000 nan 
600 170 10000  271935 88065 360000 233782.222100 467564.444200 4675644442.000000 nan 
600 180 10000  267690 92310 360000 242928.496750 485856.993500 4858569935.000000 nan 
600 190 10000  263545 96455 360000 252604.010050 505208.020100 5052080201.000000 nan 
600 200 10000  259500 100500 360000 251656.145150 503312.290300 5033122903.000000 nan 
600 210 10000  255555 104445 360000 264365.285100 528730.570200 5287305702.000000 nan 
600 220 10000  251710 108290 360000 285900.245000 571800.490000 5718004900.000000 nan 
600 230 10000  247965 112035 360000 282844.629300 565689.258600 5656892586.000000 nan 
600 240 10000  244320 115680 360000 303547.629350 607095.258700 6070952587.000000 nan 
600 250 10000  240775 119225 360000 302467.313150 604934.626300 6049346263.000000 nan 
600 260 10000  237330 122670 360000 304946.146250 609892.292500 6098922925.000000 nan 
600 270 10000  233985 126015 360000 334701.932350 669403.864700 6694038647.000000 nan 
600 280 10000  230740 129260 360000 328017.341700 656034.683400 6560346834.000000 nan 
600 290 10000  227595 132405 360000 352196.129250 704392.258500 7043922585.000000 nan 
600 300 10000  224550 135450 360000 353042.967950 706085.935900 7060859359.000000 nan 
600 310 10000  221605 138395 360000 373065.815100 746131.630200 7461316302.000000 nan 
600 320 10000  218760 141240 360000 368010.989000 736021.978000 7360219780.000000 nan 
600 330 10000  216015 143985 360000 372447.246050 744894.492100 7448944921.000000 nan 
600 340 10000  213370 146630 360000 373691.374550 747382.749100 7473827491.000000 nan 
600 350 10000  210825 149175 360000 391832.026000 783664.052000 7836640520.000000 nan 
600 360 10000  208380 151620 360000 386765.275750 773530.551500 7735305515.000000 nan 
600 370 10000  206035 153965 360000 405603.659100 811207.318200 8112073182.000000 nan 
600 380 10000  203790 156210 360000 396450.093150 792900.186300 7929001863.000000 nan 
600 390 10000  201645 158355 360000 441758.532000 883517.064000 8835170640.000000 nan 
600 400 10000  199600 160400 360000 453371.948800 906743.897600 9067438976.000000 nan 
600 410 10000  197655 162345 360000 454567.104550 909134.209100 9091342091.000000 nan 
600 420 10000  195810 164190 360000 461040.227800 922080.455600 9220804556.000000 nan 
600 430 10000  194065 165935 360000 458382.921850 916765.843700 9167658437.000000 nan 
600 440 10000  192420 167580 360000 431264.998150 862529.996300 8625299963.000000 nan 
600 450 10000  190875 169125 360000 435828.833750 871657.667500 8716576675.000000 nan 
600 460 10000  189430 170570 360000 438242.784750 876485.569500 8764855695.000000 nan 
600 470 10000  188085 171915 360000 443362.070050 886724.140100 8867241401.000000 nan 
600 480 10000  186840 173160 360000 444641.182850 889282.365700 8892823657.000000 nan 
600 490 10000  185695 174305 360000 449879.747300 899759.494600 8997594946.000000 nan 
600 500 10000  184650 175350 360000 446721.541600 893443.083200 8934430832.000000 nan 
600 510 10000  183705 176295 360000 453584.105500 907168.211000 9071682110.000000 nan 
600 520 10000  182860 177140 360000 453376.271400 906752.542800 9067525428.000000 nan 
600 530 10000  182115 177885 360000 455488.569750 910977.139500 9109771395.000000 nan 
600 540 10000  181470 178530 360000 455146.148000 910292.296000 9102922960.000000 nan 
600 550 10000  180925 179075 360000 453897.782700 907795.565400 9077955654.000000 nan 
600 560 10000  180480 179520 360000 457864.337600 915728.675200 9157286752.000000 nan 
600 570 10000  180135 179865 360000 469435.706000 938871.412000 9388714120.000000 nan 
600 580 10000  179890 180110 360000 462207.656600 924415.313200 9244153132.000000 nan 
600 590 10000  179745 180255 360000 468839.387900 937678.775800 9376787758.000000 nan 
600 600 10000  179700 180300 360000 463575.043750 927150.087500 9271500875.000000 nan 
700 0 10000  489300 700 490000 1271.915250 2543.830500 25438305.000000 0.000000 
700 10 10000  482355 7645 490000 20485.596400 40971.192800 409711928.000000 nan 
700 20 10000  475510 14490 490000 41793.911550 83587.823100 835878231.000000 nan 
700 30 10000  468765 21235 490000 57040.926600 114081.853200 1140818532.000000 nan 
700 40 10000  462120 27880 490000 78166.684600 156333.369200 1563333692.000000 nan 
700 50 10000  455575 34425 490000 93973.852750 187947.705500 1879477055.000000 nan 
700 60 10000  449130 40870 490000 113676.476300 227352.952600 2273529526.000000 nan 
700 70 10000  442785 47215 490000 127011.270150 254022.540300 2540225403.000000 nan 
700 80 10000  436540 53460 490000 141415.504250 282831.008500 2828310085.000000 nan 
700 90 10000  430395 59605 490000 162981.393600 325962.787200 3259627872.000000 nan 
700 100 10000  424350 65650 490000 172968.388450 345936.776900 3459367769.000000 nan 
700 110 10000  418405 71595 490000 187107.732600 374215.465200 3742154652.000000 nan 
700 120 10000  412560 77440 490000 203455.728350 406911.456700 4069114567.000000 nan 
700 130 10000  406815 83185 490000 217378.316900 434756.633800 4347566338.000000 nan 
700 140 10000  401170 88830 490000 232273.964100 464547.928200 4645479282.000000 nan 
700 150 10000  395625 94375 490000 247366.951850 494733.903700 4947339037.000000 nan 
700 160 10000  390180 99820 490000 260041.038850 520082.077700 5200820777.000000 nan 
700 170 10000  384835 105165 490000 274331.953100 548663.906200 5486639062.000000 nan 
700 180 10000  379590 110410 490000 286125.343900 572250.687800 5722506878.000000 nan 
700 190 10000  374445 115555 490000 301329.901450 602659.802900 6026598029.000000 nan 
700 200 10000  369400 120600 490000 312437.740650 624875.481300 6248754813.000000 nan 
700 210 10000  364455 125545 490000 331092.325850 662184.651700 6621846517.000000 nan 
700 220 10000  359610 130390 490000 335276.699700 670553.399400 6705533994.000000 nan 
700 230 10000  354865 135135 490000 345770.562800 691541.125600 6915411256.000000 nan 
700 240 10000  350220 139780 490000 362966.695750 725933.391500 7259333915.000000 nan 
700 250 10000  345675 144325 490000 375051.048350 750102.096700 7501020967.000000 nan 
700 260 10000  341230 148770 490000 387973.619500 775947.239000 7759472390.000000 nan 
700 270 10000  336885 153115 490000 400609.067850 801218.135700 8012181357.000000 nan 
700 280 10000  332640 157360 490000 411585.205950 823170.411900 8231704119.000000 nan 
700 290 10000  328495 161505 490000 422276.829350 844553.658700 8445536587.000000 nan 
700 300 10000  324450 165550 490000 430194.746450 860389.492900 8603894929.000000 nan 
700 310 10000  320505 169495 490000 437608.440500 875216.881000 8752168810.000000 nan 
700 320 10000  316660 173340 490000 464905.478450 929810.956900 9298109569.000000 nan 
700 330 10000  312915 177085 490000 468483.621950 936967.243900 9369672439.000000 nan 
700 340 10000  309270 180730 490000 463629.156700 927258.313400 9272583134.000000 nan 
700 350 10000  305725 184275 490000 488112.728100 976225.456200 9762254562.000000 nan 
700 360 10000  302280 187720 490000 500604.246250 1001208.492500 10012084925.000000 nan 
700 370 10000  298935 191065 490000 507521.435850 1015042.871700 10150428717.000000 nan 
700 380 10000  295690 194310 490000 514617.950100 1029235.900200 10292359002.000000 nan 
700 390 10000  292545 197455 490000 511282.613500 1022565.227000 10225652270.000000 nan 
700 400 10000  289500 200500 490000 515871.954600 1031743.909200 10317439092.000000 nan 
700 410 10000  286555 203445 490000 530747.020150 1061494.040300 10614940403.000000 nan 
700 420 10000  283710 206290 490000 528762.171850 1057524.343700 10575243437.000000 nan 
700 430 10000  280965 209035 490000 532642.989850 1065285.979700 10652859797.000000 nan 
700 440 10000  278320 211680 490000 550762.529150 1101525.058300 11015250583.000000 nan 
700 450 10000  275775 214225 490000 550834.941350 1101669.882700 11016698827.000000 nan 
700 460 10000  273330 216670 490000 561726.416750 1123452.833500 11234528335.000000 nan 
700 470 10000  270985 219015 490000 560473.220850 1120946.441700 11209464417.000000 nan 
700 480 10000  268740 221260 490000 565298.041500 1130596.083000 11305960830.000000 nan 
700 490 10000  266595 223405 490000 575339.036500 1150678.073000 11506780730.000000 nan 
700 500 10000  264550 225450 490000 578331.597550 1156663.195100 11566631951.000000 nan 
700 510 10000  262605 227395 490000 582618.664550 1165237.329100 11652373291.000000 nan 
700 520 10000  260760 229240 490000 587575.094150 1175150.188300 11751501883.000000 nan 
700 530 10000  259015 230985 490000 612759.978900 1225519.957800 12255199578.000000 nan 
700 540 10000  257370 232630 490000 646186.209700 1292372.419400 12923724194.000000 nan 
700 550 10000  255825 234175 490000 641206.029750 1282412.059500 12824120595.000000 nan 
700 560 10000  254380 235620 490000 638093.249300 1276186.498600 12761864986.000000 nan 
700 570 10000  253035 236965 490000 647025.228500 1294050.457000 12940504570.000000 nan 
700 580 10000  251790 238210 490000 638856.365950 1277712.731900 12777127319.000000 nan 
700 590 10000  250645 239355 490000 632709.788300 1265419.576600 12654195766.000000 nan 
700 600 10000  249600 240400 490000 620142.391600 1240284.783200 12402847832.000000 nan 
700 610 10000  248655 241345 490000 624018.192750 1248036.385500 12480363855.000000 nan 
700 620 10000  247810 242190 490000 632042.430400 1264084.860800 12640848608.000000 nan 
700 630 10000  247065 242935 490000 624757.043000 1249514.086000 12495140860.000000 nan 
700 640 10000  246420 243580 490000 634957.694500 1269915.389000 12699153890.000000 nan 
700 650 10000  245875 244125 490000 635986.188250 1271972.376500 12719723765.000000 nan 
700 660 10000  245430 244570 490000 635915.285500 1271830.571000 12718305710.000000 nan 
700 670 10000  245085 244915 490000 634253.073550 1268506.147100 12685061471.000000 nan 
700 680 10000  244840 245160 490000 639794.514900 1279589.029800 12795890298.000000 nan 
700 690 10000  244695 245305 490000 639884.388850 1279768.777700 12797687777.000000 nan 
700 700 10000  244650 245350 490000 641989.474550 1283978.949100 12839789491.000000 nan 
800 0 10000  639200 800 640000 1446.888950 2893.777900 28937779.000000 0.000000 
800 10 10000  631255 8745 640000 23171.420900 46342.841800 463428418.000000 nan 
800 20 10000  623410 16590 640000 43449.184900 86898.369800 868983698.000000 nan 
800 30 10000  615665 24335 640000 62649.632500 125299.265000 1252992650.000000 nan 
800 40 10000  608020 31980 640000 89462.434750 178924.869500 1789248695.000000 nan 
800 50 10000  600475 39525 640000 109771.533450 219543.066900 2195430669.000000 nan 
800 60 10000  593030 46970 640000 128475.809200 256951.618400 2569516184.000000 nan 
800 70 10000  585685 54315 640000 158170.886250 316341.772500 3163417725.000000 nan 
800 80 10000  578440 61560 640000 177508.120050 355016.240100 3550162401.000000 nan 
800 90 10000  571295 68705 640000 186106.807000 372213.614000 3722136140.000000 nan 
800 100 10000  564250 75750 640000 211084.422650 422168.845300 4221688453.000000 nan 
800 110 10000  557305 82695 640000 232301.500150 464603.000300 4646030003.000000 nan 
800 120 10000  550460 89540 640000 237682.638000 475365.276000 4753652760.000000 nan 
800 130 10000  543715 96285 640000 268417.080300 536834.160600 5368341606.000000 nan 
800 140 10000  537070 102930 640000 285245.537800 570491.075600 5704910756.000000 nan 
800 150 10000  530525 109475 640000 297986.367100 595972.734200 5959727342.000000 nan 
800 160 10000  524080 115920 640000 319879.246350 639758.492700 6397584927.000000 nan 
800 170 10000  517735 122265 640000 334346.222950 668692.445900 6686924459.000000 nan 
800 180 10000  511490 128510 640000 338096.332850 676192.665700 6761926657.000000 nan 
800 190 10000  505345 134655 640000 351206.855600 702413.711200 7024137112.000000 nan 
800 200 10000  499300 140700 640000 369177.455950 738354.911900 7383549119.000000 nan 
800 210 10000  493355 146645 640000 376176.255650 752352.511300 7523525113.000000 nan 
800 220 10000  487510 152490 640000 394493.436100 788986.872200 7889868722.000000 nan 
800 230 10000  481765 158235 640000 410741.772550 821483.545100 8214835451.000000 nan 
800 240 10000  476120 163880 640000 427597.419050 855194.838100 8551948381.000000 nan 
800 250 10000  470575 169425 640000 444104.816050 888209.632100 8882096321.000000 nan 
800 260 10000  465130 174870 640000 452570.736250 905141.472500 9051414725.000000 nan 
800 270 10000  459785 180215 640000 466750.748200 933501.496400 9335014964.000000 nan 
800 280 10000  454540 185460 640000 483348.943700 966697.887400 9666978874.000000 nan 
800 290 10000  449395 190605 640000 492988.908500 985977.817000 9859778170.000000 nan 
800 300 10000  444350 195650 640000 506580.886750 1013161.773500 10131617735.000000 nan 
800 310 10000  439405 200595 640000 520910.216600 1041820.433200 10418204332.000000 nan 
800 320 10000  434560 205440 640000 532365.591550 1064731.183100 10647311831.000000 nan 
800 330 10000  429815 210185 640000 542923.745550 1085847.491100 10858474911.000000 nan 
800 340 10000  425170 214830 640000 560309.368500 1120618.737000 11206187370.000000 nan 
800 350 10000  420625 219375 640000 580327.553950 1160655.107900 11606551079.000000 nan 
800 360 10000  416180 223820 640000 584104.633900 1168209.267800 11682092678.000000 nan 
800 370 10000  411835 228165 640000 590299.981150 1180599.962300 11805999623.000000 nan 
800 380 10000  407590 232410 640000 596918.560050 1193837.120100 11938371201.000000 nan 
800 390 10000  403445 236555 640000 608357.555600 1216715.111200 12167151112.000000 nan 
800 400 10000  399400 240600 640000 620450.654550 1240901.309100 12409013091.000000 nan 
800 410 10000  395455 244545 640000 627301.804000 1254603.608000 12546036080.000000 nan 
800 420 10000  391610 248390 640000 636844.331450 1273688.662900 12736886629.000000 nan 
800 430 10000  387865 252135 640000 661027.831900 1322055.663800 13220556638.000000 nan 
800 440 10000  384220 255780 640000 690906.390200 1381812.780400 13818127804.000000 nan 
800 450 10000  380675 259325 640000 720875.199350 1441750.398700 14417503987.000000 nan 
800 460 10000  377230 262770 640000 724344.769950 1448689.539900 14486895399.000000 nan 
800 470 10000  373885 266115 640000 702284.598150 1404569.196300 14045691963.000000 nan 
800 480 10000  370640 269360 640000 695019.170700 1390038.341400 13900383414.000000 nan 
800 490 10000  367495 272505 640000 702034.495000 1404068.990000 14040689900.000000 nan 
800 500 10000  364450 275550 640000 717053.678900 1434107.357800 14341073578.000000 nan 
800 510 10000  361505 278495 640000 720155.309100 1440310.618200 14403106182.000000 nan 
800 520 10000  358660 281340 640000 726089.697050 1452179.394100 14521793941.000000 nan 
800 530 10000  355915 284085 640000 731479.550050 1462959.100100 14629591001.000000 nan 
800 540 10000  353270 286730 640000 743460.607100 1486921.214200 14869212142.000000 nan 
800 550 10000  350725 289275 640000 761281.930500 1522563.861000 15225638610.000000 nan 
800 560 10000  348280 291720 640000 782645.465100 1565290.930200 15652909302.000000 nan 
800 570 10000  345935 294065 640000 793043.190800 1586086.381600 15860863816.000000 nan 
800 580 10000  343690 296310 640000 803304.079300 1606608.158600 16066081586.000000 nan 
800 590 10000  341545 298455 640000 782338.225050 1564676.450100 15646764501.000000 nan 
800 600 10000  339500 300500 640000 792703.526250 1585407.052500 15854070525.000000 nan 
800 610 10000  337555 302445 640000 792184.452750 1584368.905500 15843689055.000000 nan 
800 620 10000  335710 304290 640000 795472.486550 1590944.973100 15909449731.000000 nan 
800 630 10000  333965 306035 640000 797839.474200 1595678.948400 15956789484.000000 nan 
800 640 10000  332320 307680 640000 798205.332450 1596410.664900 15964106649.000000 nan 
800 650 10000  330775 309225 640000 851066.597300 1702133.194600 17021331946.000000 nan 
800 660 10000  329330 310670 640000 847479.040000 1694958.080000 16949580800.000000 nan 
800 670 10000  327985 312015 640000 806974.547900 1613949.095800 16139490958.000000 nan 
800 680 10000  326740 313260 640000 811119.219300 1622238.438600 16222384386.000000 nan 
800 690 10000  325595 314405 640000 815198.011400 1630396.022800 16303960228.000000 nan 
800 700 10000  324550 315450 640000 815844.408100 1631688.816200 16316888162.000000 nan 
800 710 10000  323605 316395 640000 825203.966150 1650407.932300 16504079323.000000 nan 
800 720 10000  322760 317240 640000 872936.806550 1745873.613100 17458736131.000000 nan 
800 730 10000  322015 317985 640000 857863.947450 1715727.894900 17157278949.000000 nan 
800 740 10000  321370 318630 640000 860340.999250 1720681.998500 17206819985.000000 nan 
800 750 10000  320825 319175 640000 828337.485200 1656674.970400 16566749704.000000 nan 
800 760 10000  320380 319620 640000 833121.578400 1666243.156800 16662431568.000000 nan 
800 770 10000  320035 319965 640000 828176.565850 1656353.131700 16563531317.000000 nan 
800 780 10000  319790 320210 640000 825597.169200 1651194.338400 16511943384.000000 nan 
800 790 10000  319645 320355 640000 835612.570350 1671225.140700 16712251407.000000 nan 
800 800 10000  319600 320400 640000 824441.206650 1648882.413300 16488824133.000000 nan 
900 0 10000  809100 900 810000 1683.002550 3366.005100 33660051.000000 0.000000 
900 10 10000  800155 9845 810000 25358.787700 50717.575400 507175754.000000 nan 
900 20 10000  791310 18690 810000 48347.199150 96694.398300 966943983.000000 nan 
900 30 10000  782565 27435 810000 71169.033950 142338.067900 1423380679.000000 nan 
900 40 10000  773920 36080 810000 100311.653650 200623.307300 2006233073.000000 nan 
900 50 10000  765375 44625 810000 122802.636800 245605.273600 2456052736.000000 nan 
900 60 10000  756930 53070 810000 141807.996250 283615.992500 2836159925.000000 nan 
900 70 10000  748585 61415 810000 164771.442200 329542.884400 3295428844.000000 nan 
900 80 10000  740340 69660 810000 185620.526100 371241.052200 3712410522.000000 nan 
900 90 10000  732195 77805 810000 205838.362650 411676.725300 4116767253.000000 nan 
900 100 10000  724150 85850 810000 227804.011300 455608.022600 4556080226.000000 nan 
900 110 10000  716205 93795 810000 245842.377450 491684.754900 4916847549.000000 nan 
900 120 10000  708360 101640 810000 273834.879750 547669.759500 5476697595.000000 nan 
900 130 10000  700615 109385 810000 304036.343600 608072.687200 6080726872.000000 nan 
900 140 10000  692970 117030 810000 314141.417500 628282.835000 6282828350.000000 nan 
900 150 10000  685425 124575 810000 341012.928000 682025.856000 6820258560.000000 nan 
900 160 10000  677980 132020 810000 360637.499000 721274.998000 7212749980.000000 nan 
900 170 10000  670635 139365 810000 383435.662800 766871.325600 7668713256.000000 nan 
900 180 10000  663390 146610 810000 391480.503400 782961.006800 7829610068.000000 nan 
900 190 10000  656245 153755 810000 408049.054350 816098.108700 8160981087.000000 nan 
900 200 10000  649200 160800 810000 433105.961900 866211.923800 8662119238.000000 nan 
900 210 10000  642255 167745 810000 456649.538600 913299.077200 9132990772.000000 nan 
900 220 10000  635410 174590 810000 470203.474750 940406.949500 9404069495.000000 nan 
900 230 10000  628665 181335 810000 494250.757850 988501.515700 9885015157.000000 nan 
900 240 10000  622020 187980 810000 491740.646450 983481.292900 9834812929.000000 nan 
900 250 10000  615475 194525 810000 508371.518250 1016743.036500 10167430365.000000 nan 
900 260 10000  609030 200970 810000 527632.455850 1055264.911700 10552649117.000000 nan 
900 270 10000  602685 207315 810000 540026.644850 1080053.289700 10800532897.000000 nan 
900 280 10000  596440 213560 810000 564220.585500 1128441.171000 11284411710.000000 nan 
900 290 10000  590295 219705 810000 574676.691050 1149353.382100 11493533821.000000 nan 
900 300 10000  584250 225750 810000 596205.186700 1192410.373400 11924103734.000000 nan 
900 310 10000  578305 231695 810000 613746.727000 1227493.454000 12274934540.000000 nan 
900 320 10000  572460 237540 810000 623321.512450 1246643.024900 12466430249.000000 nan 
900 330 10000  566715 243285 810000 635409.414300 1270818.828600 12708188286.000000 nan 
900 340 10000  561070 248930 810000 655918.123050 1311836.246100 13118362461.000000 nan 
900 350 10000  555525 254475 810000 666012.933850 1332025.867700 13320258677.000000 nan 
900 360 10000  550080 259920 810000 675539.510400 1351079.020800 13510790208.000000 nan 
900 370 10000  544735 265265 810000 685934.750450 1371869.500900 13718695009.000000 nan 
900 380 10000  539490 270510 810000 696123.701900 1392247.403800 13922474038.000000 nan 
900 390 10000  534345 275655 810000 712474.019500 1424948.039000 14249480390.000000 nan 
900 400 10000  529300 280700 810000 729475.582750 1458951.165500 14589511655.000000 nan 
900 410 10000  524355 285645 810000 777204.714500 1554409.429000 15544094290.000000 nan 
900 420 10000  519510 290490 810000 801390.757150 1602781.514300 16027815143.000000 nan 
900 430 10000  514765 295235 810000 802728.649250 1605457.298500 16054572985.000000 nan 
900 440 10000  510120 299880 810000 796144.503300 1592289.006600 15922890066.000000 nan 
900 450 10000  505575 304425 810000 789006.984500 1578013.969000 15780139690.000000 nan 
900 460 10000  501130 308870 810000 801827.279650 1603654.559300 16036545593.000000 nan 
900 470 10000  496785 313215 810000 812618.612750 1625237.225500 16252372255.000000 nan 
900 480 10000  492540 317460 810000 823521.158150 1647042.316300 16470423163.000000 nan 
900 490 10000  488395 321605 810000 834088.447550 1668176.895100 16681768951.000000 nan 
900 500 10000  484350 325650 810000 857287.274450 1714574.548900 17145745489.000000 nan 
900 510 10000  480405 329595 810000 883976.326650 1767952.653300 17679526533.000000 nan 
900 520 10000  476560 333440 810000 861119.834650 1722239.669300 17222396693.000000 nan 
900 530 10000  472815 337185 810000 879188.308100 1758376.616200 17583766162.000000 nan 
900 540 10000  469170 340830 810000 883390.609350 1766781.218700 17667812187.000000 nan 
900 550 10000  465625 344375 810000 898072.696400 1796145.392800 17961453928.000000 nan 
900 560 10000  462180 347820 810000 945055.160050 1890110.320100 18901103201.000000 nan 
900 570 10000  458835 351165 810000 932561.275200 1865122.550400 18651225504.000000 nan 
900 580 10000  455590 354410 810000 915876.282800 1831752.565600 18317525656.000000 nan 
900 590 10000  452445 357555 810000 922172.830150 1844345.660300 18443456603.000000 nan 
900 600 10000  449400 360600 810000 941080.182750 1882160.365500 18821603655.000000 nan 
900 610 10000  446455 363545 810000 987980.711500 1975961.423000 19759614230.000000 nan 
900 620 10000  443610 366390 810000 1019998.928600 2039997.857200 20399978572.000000 nan 
900 630 10000  440865 369135 810000 1022844.368850 2045688.737700 20456887377.000000 nan 
900 640 10000  438220 371780 810000 994193.809200 1988387.618400 19883876184.000000 nan 
900 650 10000  435675 374325 810000 1017032.072650 2034064.145300 20340641453.000000 nan 
900 660 10000  433230 376770 810000 998020.595700 1996041.191400 19960411914.000000 nan 
900 670 10000  430885 379115 810000 990749.182500 1981498.365000 19814983650.000000 nan 
900 680 10000  428640 381360 810000 993791.937650 1987583.875300 19875838753.000000 nan 
900 690 10000  426495 383505 810000 989657.360700 1979314.721400 19793147214.000000 nan 
900 700 10000  424450 385550 810000 994678.272150 1989356.544300 19893565443.000000 nan 
900 710 10000  422505 387495 810000 998495.462500 1996990.925000 19969909250.000000 nan 
900 720 10000  420660 389340 810000 1008010.967250 2016021.934500 20160219345.000000 nan 
900 730 10000  418915 391085 810000 1006254.817000 2012509.634000 20125096340.000000 nan 
900 740 10000  417270 392730 810000 1018238.574150 2036477.148300 20364771483.000000 nan 
900 750 10000  415725 394275 810000 1031587.014300 2063174.028600 20631740286.000000 nan 
900 760 10000  414280 395720 810000 1034627.574800 2069255.149600 20692551496.000000 nan 
900 770 10000  412935 397065 810000 1021362.638100 2042725.276200 20427252762.000000 nan 
900 780 10000  411690 398310 810000 1021654.128800 2043308.257600 20433082576.000000 nan 
900 790 10000  410545 399455 810000 1025055.866000 2050111.732000 20501117320.000000 nan 
900 800 10000  409500 400500 810000 1047117.355350 2094234.710700 20942347107.000000 nan 
900 810 10000  408555 401445 810000 1044281.108450 2088562.216900 20885622169.000000 nan 
900 820 10000  407710 402290 810000 1028024.775550 2056049.551100 20560495511.000000 nan 
900 830 10000  406965 403035 810000 1046707.282300 2093414.564600 20934145646.000000 nan 
900 840 10000  406320 403680 810000 1031972.853400 2063945.706800 20639457068.000000 nan 
900 850 10000  405775 404225 810000 1035418.308100 2070836.616200 20708366162.000000 nan 
900 860 10000  405330 404670 810000 1037584.140600 2075168.281200 20751682812.000000 nan 
900 870 10000  404985 405015 810000 1071945.893200 2143891.786400 21438917864.000000 nan 
900 880 10000  404740 405260 810000 1095690.486950 2191380.973900 21913809739.000000 nan 
900 890 10000  404595 405405 810000 1075905.335450 2151810.670900 21518106709.000000 nan 
900 900 10000  404550 405450 810000 1082631.033950 2165262.067900 21652620679.000000 nan 
1000 0 10000  999000 1000 1000000 1856.075850 3712.151700 37121517.000000 0.000000 
1000 10 10000  989055 10945 1000000 30514.152800 61028.305600 610283056.000000 nan 
1000 20 10000  979210 20790 1000000 57610.642250 115221.284500 1152212845.000000 nan 
1000 30 10000  969465 30535 1000000 83203.586050 166407.172100 1664071721.000000 nan 
1000 40 10000  959820 40180 1000000 117549.420700 235098.841400 2350988414.000000 nan 
1000 50 10000  950275 49725 1000000 156177.537200 312355.074400 3123550744.000000 nan 
1000 60 10000  940830 59170 1000000 171774.931650 343549.863300 3435498633.000000 nan 
1000 70 10000  931485 68515 1000000 208044.326450 416088.652900 4160886529.000000 nan 
1000 80 10000  922240 77760 1000000 224252.563500 448505.127000 4485051270.000000 nan 
1000 90 10000  913095 86905 1000000 259021.598600 518043.197200 5180431972.000000 nan 
1000 100 10000  904050 95950 1000000 274233.031750 548466.063500 5484660635.000000 nan 
1000 110 10000  895105 104895 1000000 296718.970600 593437.941200 5934379412.000000 nan 
1000 120 10000  886260 113740 1000000 328603.446000 657206.892000 6572068920.000000 nan 
1000 130 10000  877515 122485 1000000 338902.186600 677804.373200 6778043732.000000 nan 
1000 140 10000  868870 131130 1000000 363101.848200 726203.696400 7262036964.000000 nan 
1000 150 10000  860325 139675 1000000 400152.490700 800304.981400 8003049814.000000 nan 
1000 160 10000  851880 148120 1000000 410323.643400 820647.286800 8206472868.000000 nan 
1000 170 10000  843535 156465 1000000 423577.517300 847155.034600 8471550346.000000 nan 
1000 180 10000  835290 164710 1000000 452985.410350 905970.820700 9059708207.000000 nan 
1000 190 10000  827145 172855 1000000 459415.319250 918830.638500 9188306385.000000 nan 
1000 200 10000  819100 180900 1000000 491905.256800 983810.513600 9838105136.000000 nan 
1000 210 10000  811155 188845 1000000 519246.365050 1038492.730100 10384927301.000000 nan 
1000 220 10000  803310 196690 1000000 526669.809450 1053339.618900 10533396189.000000 nan 
1000 230 10000  795565 204435 1000000 538937.101150 1077874.202300 10778742023.000000 nan 
1000 240 10000  787920 212080 1000000 552425.141500 1104850.283000 11048502830.000000 nan 
1000 250 10000  780375 219625 1000000 583627.374900 1167254.749800 11672547498.000000 nan 
1000 260 10000  772930 227070 1000000 595595.289500 1191190.579000 11911905790.000000 nan 
1000 270 10000  765585 234415 1000000 621094.783850 1242189.567700 12421895677.000000 nan 
1000 280 10000  758340 241660 1000000 640185.221300 1280370.442600 12803704426.000000 nan 
1000 290 10000  751195 248805 1000000 654937.849300 1309875.698600 13098756986.000000 nan 
1000 300 10000  744150 255850 1000000 668370.281100 1336740.562200 13367405622.000000 nan 
1000 310 10000  737205 262795 1000000 687729.495750 1375458.991500 13754589915.000000 nan 
1000 320 10000  730360 269640 1000000 708146.803500 1416293.607000 14162936070.000000 nan 
1000 330 10000  723615 276385 1000000 734266.294400 1468532.588800 14685325888.000000 nan 
1000 340 10000  716970 283030 1000000 745396.357400 1490792.714800 14907927148.000000 nan 
1000 350 10000  710425 289575 1000000 757961.693800 1515923.387600 15159233876.000000 nan 
1000 360 10000  703980 296020 1000000 775470.271750 1550940.543500 15509405435.000000 nan 
1000 370 10000  697635 302365 1000000 791284.875950 1582569.751900 15825697519.000000 nan 
1000 380 10000  691390 308610 1000000 809931.751150 1619863.502300 16198635023.000000 nan 
1000 390 10000  685245 314755 1000000 834147.244950 1668294.489900 16682944899.000000 nan 
1000 400 10000  679200 320800 1000000 848682.496950 1697364.993900 16973649939.000000 nan 
1000 410 10000  673255 326745 1000000 857486.504850 1714973.009700 17149730097.000000 nan 
1000 420 10000  667410 332590 1000000 873739.949250 1747479.898500 17474798985.000000 nan 
1000 430 10000  661665 338335 1000000 886370.134600 1772740.269200 17727402692.000000 nan 
1000 440 10000  656020 343980 1000000 898019.630300 1796039.260600 17960392606.000000 nan 
1000 450 10000  650475 349525 1000000 916769.189750 1833538.379500 18335383795.000000 nan 
1000 460 10000  645030 354970 1000000 943197.022800 1886394.045600 18863940456.000000 nan 
1000 470 10000  639685 360315 1000000 953273.782000 1906547.564000 19065475640.000000 nan 
1000 480 10000  634440 365560 1000000 966344.696450 1932689.392900 19326893929.000000 nan 
1000 490 10000  629295 370705 1000000 990259.951550 1980519.903100 19805199031.000000 nan 
1000 500 10000  624250 375750 1000000 1015736.739500 2031473.479000 20314734790.000000 nan 
1000 510 10000  619305 380695 1000000 1011207.062700 2022414.125400 20224141254.000000 nan 
1000 520 10000  614460 385540 1000000 1012544.154150 2025088.308300 20250883083.000000 nan 
1000 530 10000  609715 390285 1000000 1019152.520950 2038305.041900 20383050419.000000 nan 
1000 540 10000  605070 394930 1000000 1038566.907400 2077133.814800 20771338148.000000 nan 
1000 550 10000  600525 399475 1000000 1055718.898250 2111437.796500 21114377965.000000 nan 
1000 560 10000  596080 403920 1000000 1057800.628450 2115601.256900 21156012569.000000 nan 
1000 570 10000  591735 408265 1000000 1087138.729150 2174277.458300 21742774583.000000 nan 
1000 580 10000  587490 412510 1000000 1099301.424300 2198602.848600 21986028486.000000 nan 
1000 590 10000  583345 416655 1000000 1099590.637500 2199181.275000 21991812750.000000 nan 
1000 600 10000  579300 420700 1000000 1102468.236300 2204936.472600 22049364726.000000 nan 
1000 610 10000  575355 424645 1000000 1117719.825800 2235439.651600 22354396516.000000 nan 
1000 620 10000  571510 428490 1000000 1125633.371000 2251266.742000 22512667420.000000 nan 
1000 630 10000  567765 432235 1000000 1143192.430250 2286384.860500 22863848605.000000 nan 
1000 640 10000  564120 435880 1000000 1164778.809000 2329557.618000 23295576180.000000 nan 
1000 650 10000  560575 439425 1000000 1161682.826300 2323365.652600 23233656526.000000 nan 
1000 660 10000  557130 442870 1000000 1164573.024650 2329146.049300 23291460493.000000 nan 
1000 670 10000  553785 446215 1000000 1184111.205150 2368222.410300 23682224103.000000 nan 
1000 680 10000  550540 449460 1000000 1192052.732600 2384105.465200 23841054652.000000 nan 
1000 690 10000  547395 452605 1000000 1181642.267250 2363284.534500 23632845345.000000 nan 
1000 700 10000  544350 455650 1000000 1217166.248050 2434332.496100 24343324961.000000 nan 
1000 710 10000  541405 458595 1000000 1217022.543350 2434045.086700 24340450867.000000 nan 
1000 720 10000  538560 461440 1000000 1233888.867200 2467777.734400 24677777344.000000 nan 
1000 730 10000  535815 464185 1000000 1237774.991250 2475549.982500 24755499825.000000 nan 
1000 740 10000  533170 466830 1000000 1240419.949150 2480839.898300 24808398983.000000 nan 
1000 750 10000  530625 469375 1000000 1236267.260350 2472534.520700 24725345207.000000 nan 
1000 760 10000  528180 471820 1000000 1232875.553000 2465751.106000 24657511060.000000 nan 
1000 770 10000  525835 474165 1000000 1248399.144700 2496798.289400 24967982894.000000 nan 
1000 780 10000  523590 476410 1000000 1252187.122400 2504374.244800 25043742448.000000 nan 
1000 790 10000  521445 478555 1000000 1253268.554600 2506537.109200 25065371092.000000 nan 
1000 800 10000  519400 480600 1000000 1268040.842150 2536081.684300 25360816843.000000 nan 
1000 810 10000  517455 482545 1000000 1273271.136900 2546542.273800 25465422738.000000 nan 
1000 820 10000  515610 484390 1000000 1271792.760850 2543585.521700 25435855217.000000 nan 
1000 830 10000  513865 486135 1000000 1283810.292850 2567620.585700 25676205857.000000 nan 
1000 840 10000  512220 487780 1000000 1291696.402450 2583392.804900 25833928049.000000 nan 
1000 850 10000  510675 489325 1000000 1286179.733700 2572359.467400 25723594674.000000 nan 
1000 860 10000  509230 490770 1000000 1281847.245950 2563694.491900 25636944919.000000 nan 
1000 870 10000  507885 492115 1000000 1298996.189750 2597992.379500 25979923795.000000 nan 
1000 880 10000  506640 493360 1000000 1297846.035700 2595692.071400 25956920714.000000 nan 
1000 890 10000  505495 494505 1000000 1294040.705000 2588081.410000 25880814100.000000 nan 
1000 900 10000  504450 495550 1000000 1322903.691750 2645807.383500 26458073835.000000 nan 
1000 910 10000  503505 496495 1000000 1325224.334800 2650448.669600 26504486696.000000 nan 
1000 920 10000  502660 497340 1000000 1319518.885650 2639037.771300 26390377713.000000 nan 
1000 930 10000  501915 498085 1000000 1334799.038750 2669598.077500 26695980775.000000 nan 
1000 940 10000  501270 498730 1000000 1327622.279400 2655244.558800 26552445588.000000 nan 
1000 950 10000  500725 499275 1000000 1310067.108800 2620134.217600 26201342176.000000 nan 
1000 960 10000  500280 499720 1000000 1317037.509600 2634075.019200 26340750192.000000 nan 
1000 970 10000  499935 500065 1000000 1308498.085650 2616996.171300 26169961713.000000 nan 
1000 980 10000  499690 500310 1000000 1317908.953700 2635817.907400 26358179074.000000 nan 
1000 990 10000  499545 500455 1000000 1317252.880400 2634505.760800 26345057608.000000 nan 
1000 1000 10000  499500 500500 1000000 1314500.467100 2629000.934200 26290009342.000000 nan 
