10 0 4000  90 10 100 28.366875 56.733750 226935.000000 0.000000 
10 5 4000  55 45 100 171.012500 342.025000 1368100.000000 0.000000 
10 10 4000  45 55 100 194.527125 389.054250 1556217.000000 0.000000 
20 0 4000  380 20 400 42.712625 85.425250 341701.000000 0.000000 
20 5 4000  295 105 400 379.423375 758.846750 3035387.000000 0.000000 
20 10 4000  235 165 400 444.630000 889.260000 3557040.000000 0.000000 
20 15 4000  200 200 400 538.097875 1076.195750 4304783.000000 0.000000 
20 20 4000  190 210 400 583.233875 1166.467750 4665871.000000 0.000000 
30 0 4000  870 30 900 35.374375 70.748750 282995.000000 0.000000 
30 5 4000  735 165 900 645.371500 1290.743000 5162972.000000 0.000000 
30 10 4000  625 275 900 981.198000 1962.396000 7849584.000000 0.000000 
30 15 4000  540 360 900 964.433625 1928.867250 7715469.000000 0.000000 
30 20 4000  480 420 900 1096.098625 2192.197250 8768789.000000 0.000000 
30 25 4000  445 455 900 1310.730750 2621.461500 10485846.000000 0.000000 
30 30 4000  435 465 900 1218.166875 2436.333750 9745335.000000 0.000000 
40 0 4000  1560 40 1600 55.402375 110.804750 443219.000000 0.000000 
40 5 4000  1375 225 1600 794.563000 1589.126000 6356504.000000 0.000000 
40 10 4000  1215 385 1600 1221.898500 2443.797000 9775188.000000 0.000000 
40 15 4000  1080 520 1600 1470.253500 2940.507000 11762028.000000 0.000000 
40 20 4000  970 630 1600 1757.432500 3514.865000 14059460.000000 0.000000 
40 25 4000  885 715 1600 1931.159625 3862.319250 15449277.000000 0.000000 
40 30 4000  825 775 1600 2465.802000 4931.604000 19726416.000000 0.000000 
40 35 4000  790 810 1600 2219.706500 4439.413000 17757652.000000 0.000000 
40 40 4000  780 820 1600 2491.748875 4983.497750 19933991.000000 0.000000 
50 0 4000  2450 50 2500 100.840875 201.681750 806727.000000 0.000000 
50 5 4000  2215 285 2500 881.468125 1762.936250 7051745.000000 0.000000 
50 10 4000  2005 495 2500 1400.653625 2801.307250 11205229.000000 0.000000 
50 15 4000  1820 680 2500 1808.842500 3617.685000 14470740.000000 0.000000 
50 20 4000  1660 840 2500 2266.559250 4533.118500 18132474.000000 0.000000 
50 25 4000  1525 975 2500 2405.415875 4810.831750 19243327.000000 0.000000 
50 30 4000  1415 1085 2500 2868.073625 5736.147250 22944589.000000 0.000000 
50 35 4000  1330 1170 2500 3408.718375 6817.436750 27269747.000000 0.000000 
50 40 4000  1270 1230 2500 3321.477250 6642.954500 26571818.000000 0.000000 
50 45 4000  1235 1265 2500 3250.635125 6501.270250 26005081.000000 0.000000 
50 50 4000  1225 1275 2500 3306.586875 6613.173750 26452695.000000 0.000000 
60 0 4000  3540 60 3600 90.664625 181.329250 725317.000000 0.000000 
60 5 4000  3255 345 3600 1053.351125 2106.702250 8426809.000000 0.000000 
60 10 4000  2995 605 3600 1702.832375 3405.664750 13622659.000000 0.000000 
60 15 4000  2760 840 3600 2246.792250 4493.584500 17974338.000000 0.000000 
60 20 4000  2550 1050 3600 3016.059500 6032.119000 24128476.000000 0.000000 
60 25 4000  2365 1235 3600 3051.281500 6102.563000 24410252.000000 0.000000 
60 30 4000  2205 1395 3600 3649.928500 7299.857000 29199428.000000 0.000000 
60 35 4000  2070 1530 3600 4071.330250 8142.660500 32570642.000000 0.000000 
60 40 4000  1960 1640 3600 4432.054750 8864.109500 35456438.000000 0.000000 
60 45 4000  1875 1725 3600 4326.173875 8652.347750 34609391.000000 0.000000 
60 50 4000  1815 1785 3600 4979.739375 9959.478750 39837915.000000 0.000000 
60 55 4000  1780 1820 3600 4488.524250 8977.048500 35908194.000000 0.000000 
60 60 4000  1770 1830 3600 4905.405250 9810.810500 39243242.000000 0.000000 
70 0 4000  4830 70 4900 80.881375 161.762750 647051.000000 0.000000 
70 5 4000  4495 405 4900 1140.982250 2281.964500 9127858.000000 0.000000 
70 10 4000  4185 715 4900 1862.098125 3724.196250 14896785.000000 0.000000 
70 15 4000  3900 1000 4900 2516.691125 5033.382250 20133529.000000 0.000000 
70 20 4000  3640 1260 4900 3008.256500 6016.513000 24066052.000000 0.000000 
70 25 4000  3405 1495 4900 4128.357875 8256.715750 33026863.000000 0.000000 
70 30 4000  3195 1705 4900 4235.178750 8470.357500 33881430.000000 0.000000 
70 35 4000  3010 1890 4900 4960.810250 9921.620500 39686482.000000 0.000000 
70 40 4000  2850 2050 4900 5722.555250 11445.110500 45780442.000000 0.000000 
70 45 4000  2715 2185 4900 5888.322625 11776.645250 47106581.000000 0.000000 
70 50 4000  2605 2295 4900 6205.532500 12411.065000 49644260.000000 0.000000 
70 55 4000  2520 2380 4900 7522.754875 15045.509750 60182039.000000 0.000000 
70 60 4000  2460 2440 4900 6077.379875 12154.759750 48619039.000000 0.000000 
70 65 4000  2425 2475 4900 6083.314500 12166.629000 48666516.000000 0.000000 
70 70 4000  2415 2485 4900 6150.278125 12300.556250 49202225.000000 0.000000 
80 0 4000  6320 80 6400 118.252875 236.505750 946023.000000 0.000000 
80 5 4000  5935 465 6400 1646.842125 3293.684250 13174737.000000 0.000000 
80 10 4000  5575 825 6400 2129.798875 4259.597750 17038391.000000 0.000000 
80 15 4000  5240 1160 6400 2854.011750 5708.023500 22832094.000000 0.000000 
80 20 4000  4930 1470 6400 3655.204875 7310.409750 29241639.000000 0.000000 
80 25 4000  4645 1755 6400 4236.921500 8473.843000 33895372.000000 0.000000 
80 30 4000  4385 2015 6400 4983.974000 9967.948000 39871792.000000 0.000000 
80 35 4000  4150 2250 6400 5741.210000 11482.420000 45929680.000000 0.000000 
80 40 4000  3940 2460 6400 6293.502875 12587.005750 50348023.000000 0.000000 
80 45 4000  3755 2645 6400 7022.777375 14045.554750 56182219.000000 0.000000 
80 50 4000  3595 2805 6400 7415.283000 14830.566000 59322264.000000 0.000000 
80 55 4000  3460 2940 6400 7523.699875 15047.399750 60189599.000000 0.000000 
80 60 4000  3350 3050 6400 8119.740750 16239.481500 64957926.000000 0.000000 
80 65 4000  3265 3135 6400 7826.024750 15652.049500 62608198.000000 0.000000 
80 70 4000  3205 3195 6400 8096.778250 16193.556500 64774226.000000 0.000000 
80 75 4000  3170 3230 6400 8079.115000 16158.230000 64632920.000000 0.000000 
80 80 4000  3160 3240 6400 8125.874625 16251.749250 65006997.000000 0.000000 
90 0 4000  8010 90 8100 104.458625 208.917250 835669.000000 0.000000 
90 5 4000  7575 525 8100 1690.723000 3381.446000 13525784.000000 0.000000 
90 10 4000  7165 935 8100 2530.598625 5061.197250 20244789.000000 0.000000 
90 15 4000  6780 1320 8100 3488.893750 6977.787500 27911150.000000 0.000000 
90 20 4000  6420 1680 8100 4329.446875 8658.893750 34635575.000000 0.000000 
90 25 4000  6085 2015 8100 5095.686250 10191.372500 40765490.000000 0.000000 
90 30 4000  5775 2325 8100 5768.130250 11536.260500 46145042.000000 0.000000 
90 35 4000  5490 2610 8100 6407.500375 12815.000750 51260003.000000 0.000000 
90 40 4000  5230 2870 8100 7356.271000 14712.542000 58850168.000000 0.000000 
90 45 4000  4995 3105 8100 7742.118750 15484.237500 61936950.000000 0.000000 
90 50 4000  4785 3315 8100 8708.198625 17416.397250 69665589.000000 0.000000 
90 55 4000  4600 3500 8100 8884.916875 17769.833750 71079335.000000 0.000000 
90 60 4000  4440 3660 8100 9011.992125 18023.984250 72095937.000000 0.000000 
90 65 4000  4305 3795 8100 9380.900375 18761.800750 75047203.000000 0.000000 
90 70 4000  4195 3905 8100 9617.375875 19234.751750 76939007.000000 0.000000 
90 75 4000  4110 3990 8100 9847.313625 19694.627250 78778509.000000 0.000000 
90 80 4000  4050 4050 8100 11431.521125 22863.042250 91452169.000000 0.000000 
90 85 4000  4015 4085 8100 10240.515625 20481.031250 81924125.000000 0.000000 
90 90 4000  4005 4095 8100 10686.048000 21372.096000 85488384.000000 0.000000 
100 0 4000  9900 100 10000 134.788375 269.576750 1078307.000000 0.000000 
100 5 4000  9415 585 10000 1811.638875 3623.277750 14493111.000000 0.000000 
100 10 4000  8955 1045 10000 3134.313000 6268.626000 25074504.000000 0.000000 
100 15 4000  8520 1480 10000 3572.665875 7145.331750 28581327.000000 0.000000 
100 20 4000  8110 1890 10000 4982.557250 9965.114500 39860458.000000 0.000000 
100 25 4000  7725 2275 10000 5786.252000 11572.504000 46290016.000000 0.000000 
100 30 4000  7365 2635 10000 6255.786000 12511.572000 50046288.000000 0.000000 
100 35 4000  7030 2970 10000 7824.626375 15649.252750 62597011.000000 0.000000 
100 40 4000  6720 3280 10000 8638.623375 17277.246750 69108987.000000 0.000000 
100 45 4000  6435 3565 10000 9475.810875 18951.621750 75806487.000000 0.000000 
100 50 4000  6175 3825 10000 10007.186500 20014.373000 80057492.000000 0.000000 
100 55 4000  5940 4060 10000 10399.905625 20799.811250 83199245.000000 0.000000 
100 60 4000  5730 4270 10000 10741.840000 21483.680000 85934720.000000 0.000000 
100 65 4000  5545 4455 10000 10953.841125 21907.682250 87630729.000000 0.000000 
100 70 4000  5385 4615 10000 12064.627125 24129.254250 96517017.000000 0.000000 
100 75 4000  5250 4750 10000 11534.338000 23068.676000 92274704.000000 0.000000 
100 80 4000  5140 4860 10000 12215.279125 24430.558250 97722233.000000 0.000000 
100 85 4000  5055 4945 10000 12603.623125 25207.246250 100828985.000000 0.000000 
100 90 4000  4995 5005 10000 12186.589500 24373.179000 97492716.000000 0.000000 
100 95 4000  4960 5040 10000 12730.954250 25461.908500 101847634.000000 0.000000 
100 100 4000  4950 5050 10000 12461.082000 24922.164000 99688656.000000 0.000000 
100 0 4000  9900 100 10000 136.644250 273.288500 1093154.000000 0.000000 
100 20 4000  8110 1890 10000 4504.245750 9008.491500 36033966.000000 0.000000 
100 40 4000  6720 3280 10000 8558.978375 17117.956750 68471827.000000 0.000000 
100 60 4000  5730 4270 10000 10476.941250 20953.882500 83815530.000000 0.000000 
100 80 4000  5140 4860 10000 11953.327750 23906.655500 95626622.000000 0.000000 
100 100 4000  4950 5050 10000 12635.814125 25271.628250 101086513.000000 0.000000 
200 0 4000  39800 200 40000 283.034875 566.069750 2264279.000000 0.000000 
200 20 4000  36010 3990 40000 9522.011750 19044.023500 76176094.000000 nan 
200 40 4000  32620 7380 40000 18684.971125 37369.942250 149479769.000000 nan 
200 60 4000  29630 10370 40000 25814.529875 51629.059750 206516239.000000 nan 
200 80 4000  27040 12960 40000 31734.666125 63469.332250 253877329.000000 nan 
200 100 4000  24850 15150 40000 37049.113875 74098.227750 296392911.000000 nan 
200 120 4000  23060 16940 40000 41532.721000 83065.442000 332261768.000000 nan 
200 140 4000  21670 18330 40000 45981.238875 91962.477750 367849911.000000 nan 
200 160 4000  20680 19320 40000 46401.358625 92802.717250 371210869.000000 nan 
200 180 4000  20090 19910 40000 55043.314625 110086.629250 440346517.000000 nan 
200 200 4000  19900 20100 40000 48087.532625 96175.065250 384700261.000000 nan 
300 0 4000  89700 300 90000 376.602875 753.205750 3012823.000000 0.000000 
300 20 4000  83910 6090 90000 14469.295750 28938.591500 115754366.000000 nan 
300 40 4000  78520 11480 90000 28877.957500 57755.915000 231023660.000000 nan 
300 60 4000  73530 16470 90000 42965.482250 85930.964500 343723858.000000 nan 
300 80 4000  68940 21060 90000 52561.991125 105123.982250 420495929.000000 nan 
300 100 4000  64750 25250 90000 62511.416250 125022.832500 500091330.000000 nan 
300 120 4000  60960 29040 90000 68862.570625 137725.141250 550900565.000000 nan 
300 140 4000  57570 32430 90000 77100.393500 154200.787000 616803148.000000 nan 
300 160 4000  54580 35420 90000 83444.021250 166888.042500 667552170.000000 nan 
300 180 4000  51990 38010 90000 90078.378875 180156.757750 720627031.000000 nan 
300 200 4000  49800 40200 90000 96464.906500 192929.813000 771719252.000000 nan 
300 220 4000  48010 41990 90000 103095.453125 206190.906250 824763625.000000 nan 
300 240 4000  46620 43380 90000 103249.536875 206499.073750 825996295.000000 nan 
300 260 4000  45630 44370 90000 103764.330000 207528.660000 830114640.000000 nan 
300 280 4000  45040 44960 90000 104099.209000 208198.418000 832793672.000000 nan 
300 300 4000  44850 45150 90000 108988.706250 217977.412500 871909650.000000 nan 
400 0 4000  159600 400 160000 458.971125 917.942250 3671769.000000 0.000000 
400 20 4000  151810 8190 160000 19779.080250 39558.160500 158232642.000000 nan 
400 40 4000  144420 15580 160000 41983.210875 83966.421750 335865687.000000 nan 
400 60 4000  137430 22570 160000 55721.151375 111442.302750 445769211.000000 nan 
400 80 4000  130840 29160 160000 70204.142250 140408.284500 561633138.000000 nan 
400 100 4000  124650 35350 160000 83813.483500 167626.967000 670507868.000000 nan 
400 120 4000  118860 41140 160000 99519.241375 199038.482750 796153931.000000 nan 
400 140 4000  113470 46530 160000 108290.234500 216580.469000 866321876.000000 nan 
400 160 4000  108480 51520 160000 131866.168375 263732.336750 1054929347.000000 nan 
400 180 4000  103890 56110 160000 135053.102750 270106.205500 1080424822.000000 nan 
400 200 4000  99700 60300 160000 140578.506375 281157.012750 1124628051.000000 nan 
400 220 4000  95910 64090 160000 155743.292250 311486.584500 1245946338.000000 nan 
400 240 4000  92520 67480 160000 156393.539500 312787.079000 1251148316.000000 nan 
400 260 4000  89530 70470 160000 167622.211875 335244.423750 1340977695.000000 nan 
400 280 4000  86940 73060 160000 173898.181500 347796.363000 1391185452.000000 nan 
400 300 4000  84750 75250 160000 174628.313625 349256.627250 1397026509.000000 nan 
400 320 4000  82960 77040 160000 181041.157250 362082.314500 1448329258.000000 nan 
400 340 4000  81570 78430 160000 184239.569000 368479.138000 1473916552.000000 nan 
400 360 4000  80580 79420 160000 185621.637125 371243.274250 1484973097.000000 nan 
400 380 4000  79990 80010 160000 199110.203125 398220.406250 1592881625.000000 nan 
400 400 4000  79800 80200 160000 188000.191875 376000.383750 1504001535.000000 nan 
500 0 4000  249500 500 250000 640.579500 1281.159000 5124636.000000 0.000000 
500 20 4000  239710 10290 250000 24321.371000 48642.742000 194570968.000000 nan 
500 40 4000  230320 19680 250000 49183.492500 98366.985000 393467940.000000 nan 
500 60 4000  221330 28670 250000 69113.676875 138227.353750 552909415.000000 nan 
500 80 4000  212740 37260 250000 89559.057500 179118.115000 716472460.000000 nan 
500 100 4000  204550 45450 250000 114437.709000 228875.418000 915501672.000000 nan 
500 120 4000  196760 53240 250000 130762.500375 261525.000750 1046100003.000000 nan 
500 140 4000  189370 60630 250000 140571.784125 281143.568250 1124574273.000000 nan 
500 160 4000  182380 67620 250000 159340.002750 318680.005500 1274720022.000000 nan 
500 180 4000  175790 74210 250000 173785.372000 347570.744000 1390282976.000000 nan 
500 200 4000  169600 80400 250000 190169.519625 380339.039250 1521356157.000000 nan 
500 220 4000  163810 86190 250000 201723.580875 403447.161750 1613788647.000000 nan 
500 240 4000  158420 91580 250000 214963.640625 429927.281250 1719709125.000000 nan 
500 260 4000  153430 96570 250000 235881.672500 471763.345000 1887053380.000000 nan 
500 280 4000  148840 101160 250000 241302.272125 482604.544250 1930418177.000000 nan 
500 300 4000  144650 105350 250000 246006.713375 492013.426750 1968053707.000000 nan 
500 320 4000  140860 109140 250000 254437.558000 508875.116000 2035500464.000000 nan 
500 340 4000  137470 112530 250000 261637.905250 523275.810500 2093103242.000000 nan 
500 360 4000  134480 115520 250000 274747.722750 549495.445500 2197981782.000000 nan 
500 380 4000  131890 118110 250000 296058.993125 592117.986250 2368471945.000000 nan 
500 400 4000  129700 120300 250000 280671.367625 561342.735250 2245370941.000000 nan 
500 420 4000  127910 122090 250000 289464.653375 578929.306750 2315717227.000000 nan 
500 440 4000  126520 123480 250000 293562.703000 587125.406000 2348501624.000000 nan 
500 460 4000  125530 124470 250000 289379.308125 578758.616250 2315034465.000000 nan 
500 480 4000  124940 125060 250000 286318.261625 572636.523250 2290546093.000000 nan 
500 500 4000  124750 125250 250000 292373.692375 584747.384750 2338989539.000000 nan 
600 0 4000  359400 600 360000 692.639625 1385.279250 5541117.000000 0.000000 
600 20 4000  347610 12390 360000 29659.500625 59319.001250 237276005.000000 nan 
600 40 4000  336220 23780 360000 60047.083500 120094.167000 480376668.000000 nan 
600 60 4000  325230 34770 360000 84252.663500 168505.327000 674021308.000000 nan 
600 80 4000  314640 45360 360000 108663.932000 217327.864000 869311456.000000 nan 
600 100 4000  304450 55550 360000 131779.290750 263558.581500 1054234326.000000 nan 
600 120 4000  294660 65340 360000 165471.243375 330942.486750 1323769947.000000 nan 
600 140 4000  285270 74730 360000 180952.406375 361904.812750 1447619251.000000 nan 
600 160 4000  276280 83720 360000 201929.534500 403859.069000 1615436276.000000 nan 
600 180 4000  267690 92310 360000 215276.211875 430552.423750 1722209695.000000 nan 
600 200 4000  259500 100500 360000 237781.439375 475562.878750 1902251515.000000 nan 
600 220 4000  251710 108290 360000 256817.991750 513635.983500 2054543934.000000 nan 
600 240 4000  244320 115680 360000 277357.237000 554714.474000 2218857896.000000 nan 
600 260 4000  237330 122670 360000 292960.462250 585920.924500 2343683698.000000 nan 
600 280 4000  230740 129260 360000 301711.295625 603422.591250 2413690365.000000 nan 
600 300 4000  224550 135450 360000 316403.750500 632807.501000 2531230004.000000 nan 
600 320 4000  218760 141240 360000 325529.698625 651059.397250 2604237589.000000 nan 
600 340 4000  213370 146630 360000 339836.937875 679673.875750 2718695503.000000 nan 
600 360 4000  208380 151620 360000 357606.879750 715213.759500 2860855038.000000 nan 
600 380 4000  203790 156210 360000 386354.836500 772709.673000 3090838692.000000 nan 
600 400 4000  199600 160400 360000 371194.821375 742389.642750 2969558571.000000 nan 
600 420 4000  195810 164190 360000 380615.688625 761231.377250 3044925509.000000 nan 
600 440 4000  192420 167580 360000 386492.843125 772985.686250 3091942745.000000 nan 
600 460 4000  189430 170570 360000 391226.832125 782453.664250 3129814657.000000 nan 
600 480 4000  186840 173160 360000 411107.033750 822214.067500 3288856270.000000 nan 
600 500 4000  184650 175350 360000 404897.848000 809795.696000 3239182784.000000 nan 
600 520 4000  182860 177140 360000 411950.313000 823900.626000 3295602504.000000 nan 
600 540 4000  181470 178530 360000 407741.708375 815483.416750 3261933667.000000 nan 
600 560 4000  180480 179520 360000 412474.946000 824949.892000 3299799568.000000 nan 
600 580 4000  179890 180110 360000 410122.575500 820245.151000 3280980604.000000 nan 
600 600 4000  179700 180300 360000 416048.833750 832097.667500 3328390670.000000 nan 
700 0 4000  489300 700 490000 990.353000 1980.706000 7922824.000000 0.000000 
700 20 4000  475510 14490 490000 35214.931250 70429.862500 281719450.000000 nan 
700 40 4000  462120 27880 490000 71351.643500 142703.287000 570813148.000000 nan 
700 60 4000  449130 40870 490000 99199.082500 198398.165000 793592660.000000 nan 
700 80 4000  436540 53460 490000 128368.804000 256737.608000 1026950432.000000 nan 
700 100 4000  424350 65650 490000 155203.853500 310407.707000 1241630828.000000 nan 
700 120 4000  412560 77440 490000 184118.972625 368237.945250 1472951781.000000 nan 
700 140 4000  401170 88830 490000 212234.795125 424469.590250 1697878361.000000 nan 
700 160 4000  390180 99820 490000 237848.702375 475697.404750 1902789619.000000 nan 
700 180 4000  379590 110410 490000 258254.754000 516509.508000 2066038032.000000 nan 
700 200 4000  369400 120600 490000 285496.543125 570993.086250 2283972345.000000 nan 
700 220 4000  359610 130390 490000 303083.047000 606166.094000 2424664376.000000 nan 
700 240 4000  350220 139780 490000 337590.628500 675181.257000 2700725028.000000 nan 
700 260 4000  341230 148770 490000 350265.792875 700531.585750 2802126343.000000 nan 
700 280 4000  332640 157360 490000 372436.384750 744872.769500 2979491078.000000 nan 
700 300 4000  324450 165550 490000 383855.525250 767711.050500 3070844202.000000 nan 
700 320 4000  316660 173340 490000 407712.618125 815425.236250 3261700945.000000 nan 
700 340 4000  309270 180730 490000 422910.990250 845821.980500 3383287922.000000 nan 
700 360 4000  302280 187720 490000 432832.346000 865664.692000 3462658768.000000 nan 
700 380 4000  295690 194310 490000 475666.618125 951333.236250 3805332945.000000 nan 
700 400 4000  289500 200500 490000 465914.898875 931829.797750 3727319191.000000 nan 
700 420 4000  283710 206290 490000 474759.655125 949519.310250 3798077241.000000 nan 
700 440 4000  278320 211680 490000 493875.793375 987751.586750 3951006347.000000 nan 
700 460 4000  273330 216670 490000 511585.150125 1023170.300250 4092681201.000000 nan 
700 480 4000  268740 221260 490000 534721.721375 1069443.442750 4277773771.000000 nan 
700 500 4000  264550 225450 490000 517393.356500 1034786.713000 4139146852.000000 nan 
700 520 4000  260760 229240 490000 525941.406125 1051882.812250 4207531249.000000 nan 
700 540 4000  257370 232630 490000 560601.911250 1121203.822500 4484815290.000000 nan 
700 560 4000  254380 235620 490000 539851.726500 1079703.453000 4318813812.000000 nan 
700 580 4000  251790 238210 490000 545971.370000 1091942.740000 4367770960.000000 nan 
700 600 4000  249600 240400 490000 548606.516500 1097213.033000 4388852132.000000 nan 
700 620 4000  247810 242190 490000 557035.010875 1114070.021750 4456280087.000000 nan 
700 640 4000  246420 243580 490000 560466.201875 1120932.403750 4483729615.000000 nan 
700 660 4000  245430 244570 490000 560296.388500 1120592.777000 4482371108.000000 nan 
700 680 4000  244840 245160 490000 567335.234500 1134670.469000 4538681876.000000 nan 
700 700 4000  244650 245350 490000 562228.080125 1124456.160250 4497824641.000000 nan 
800 0 4000  639200 800 640000 1112.481625 2224.963250 8899853.000000 0.000000 
800 20 4000  623410 16590 640000 40094.221000 80188.442000 320753768.000000 nan 
800 40 4000  608020 31980 640000 82588.800250 165177.600500 660710402.000000 nan 
800 60 4000  593030 46970 640000 117011.941000 234023.882000 936095528.000000 nan 
800 80 4000  578440 61560 640000 145853.152375 291706.304750 1166825219.000000 nan 
800 100 4000  564250 75750 640000 181207.841125 362415.682250 1449662729.000000 nan 
800 120 4000  550460 89540 640000 219436.226125 438872.452250 1755489809.000000 nan 
800 140 4000  537070 102930 640000 246054.430875 492108.861750 1968435447.000000 nan 
800 160 4000  524080 115920 640000 271637.043125 543274.086250 2173096345.000000 nan 
800 180 4000  511490 128510 640000 308639.548375 617279.096750 2469116387.000000 nan 
800 200 4000  499300 140700 640000 327182.051125 654364.102250 2617456409.000000 nan 
800 220 4000  487510 152490 640000 355118.967875 710237.935750 2840951743.000000 nan 
800 240 4000  476120 163880 640000 377261.449375 754522.898750 3018091595.000000 nan 
800 260 4000  465130 174870 640000 429264.848000 858529.696000 3434118784.000000 nan 
800 280 4000  454540 185460 640000 441729.844750 883459.689500 3533838758.000000 nan 
800 300 4000  444350 195650 640000 451017.818375 902035.636750 3608142547.000000 nan 
800 320 4000  434560 205440 640000 487496.283625 974992.567250 3899970269.000000 nan 
800 340 4000  425170 214830 640000 515497.756125 1030995.512250 4123982049.000000 nan 
800 360 4000  416180 223820 640000 513980.498375 1027960.996750 4111843987.000000 nan 
800 380 4000  407590 232410 640000 553151.528875 1106303.057750 4425212231.000000 nan 
800 400 4000  399400 240600 640000 563640.941125 1127281.882250 4509127529.000000 nan 
800 420 4000  391610 248390 640000 581749.955750 1163499.911500 4653999646.000000 nan 
800 440 4000  384220 255780 640000 594133.062875 1188266.125750 4753064503.000000 nan 
800 460 4000  377230 262770 640000 601352.061500 1202704.123000 4810816492.000000 nan 
800 480 4000  370640 269360 640000 632804.642375 1265609.284750 5062437139.000000 nan 
800 500 4000  364450 275550 640000 634508.108625 1269016.217250 5076064869.000000 nan 
800 520 4000  358660 281340 640000 643518.853000 1287037.706000 5148150824.000000 nan 
800 540 4000  353270 286730 640000 665167.251250 1330334.502500 5321338010.000000 nan 
800 560 4000  348280 291720 640000 668603.511875 1337207.023750 5348828095.000000 nan 
800 580 4000  343690 296310 640000 677675.386875 1355350.773750 5421403095.000000 nan 
800 600 4000  339500 300500 640000 695347.500375 1390695.000750 5562780003.000000 nan 
800 620 4000  335710 304290 640000 703096.738500 1406193.477000 5624773908.000000 nan 
800 640 4000  332320 307680 640000 710213.837125 1420427.674250 5681710697.000000 nan 
800 660 4000  329330 310670 640000 716164.585625 1432329.171250 5729316685.000000 nan 
800 680 4000  326740 313260 640000 719433.989875 1438867.979750 5755471919.000000 nan 
800 700 4000  324550 315450 640000 735439.139375 1470878.278750 5883513115.000000 nan 
800 720 4000  322760 317240 640000 734253.398250 1468506.796500 5874027186.000000 nan 
800 740 4000  321370 318630 640000 742691.823875 1485383.647750 5941534591.000000 nan 
800 760 4000  320380 319620 640000 743024.320125 1486048.640250 5944194561.000000 nan 
800 780 4000  319790 320210 640000 753812.136625 1507624.273250 6030497093.000000 nan 
800 800 4000  319600 320400 640000 733059.579500 1466119.159000 5864476636.000000 nan 
900 0 4000  809100 900 810000 998.756375 1997.512750 7990051.000000 0.000000 
900 20 4000  791310 18690 810000 44380.776500 88761.553000 355046212.000000 nan 
900 40 4000  773920 36080 810000 93171.996375 186343.992750 745375971.000000 nan 
900 60 4000  756930 53070 810000 130672.250875 261344.501750 1045378007.000000 nan 
900 80 4000  740340 69660 810000 166958.901750 333917.803500 1335671214.000000 nan 
900 100 4000  724150 85850 810000 207890.279625 415780.559250 1663122237.000000 nan 
900 120 4000  708360 101640 810000 238702.721750 477405.443500 1909621774.000000 nan 
900 140 4000  692970 117030 810000 281772.150875 563544.301750 2254177207.000000 nan 
900 160 4000  677980 132020 810000 304803.843750 609607.687500 2438430750.000000 nan 
900 180 4000  663390 146610 810000 346829.886875 693659.773750 2774639095.000000 nan 
900 200 4000  649200 160800 810000 381460.840625 762921.681250 3051686725.000000 nan 
900 220 4000  635410 174590 810000 406054.323625 812108.647250 3248434589.000000 nan 
900 240 4000  622020 187980 810000 440563.552500 881127.105000 3524508420.000000 nan 
900 260 4000  609030 200970 810000 462785.244125 925570.488250 3702281953.000000 nan 
900 280 4000  596440 213560 810000 501693.495000 1003386.990000 4013547960.000000 nan 
900 300 4000  584250 225750 810000 524165.198750 1048330.397500 4193321590.000000 nan 
900 320 4000  572460 237540 810000 552478.685125 1104957.370250 4419829481.000000 nan 
900 340 4000  561070 248930 810000 576640.930125 1153281.860250 4613127441.000000 nan 
900 360 4000  550080 259920 810000 603156.684250 1206313.368500 4825253474.000000 nan 
900 380 4000  539490 270510 810000 641356.271000 1282712.542000 5130850168.000000 nan 
900 400 4000  529300 280700 810000 664259.996375 1328519.992750 5314079971.000000 nan 
900 420 4000  519510 290490 810000 696396.989000 1392793.978000 5571175912.000000 nan 
900 440 4000  510120 299880 810000 690325.554500 1380651.109000 5522604436.000000 nan 
900 460 4000  501130 308870 810000 726514.498375 1453028.996750 5812115987.000000 nan 
900 480 4000  492540 317460 810000 728256.679000 1456513.358000 5826053432.000000 nan 
900 500 4000  484350 325650 810000 744635.758000 1489271.516000 5957086064.000000 nan 
900 520 4000  476560 333440 810000 768286.314500 1536572.629000 6146290516.000000 nan 
900 540 4000  469170 340830 810000 808242.959125 1616485.918250 6465943673.000000 nan 
900 560 4000  462180 347820 810000 829130.498875 1658260.997750 6633043991.000000 nan 
900 580 4000  455590 354410 810000 811770.411875 1623540.823750 6494163295.000000 nan 
900 600 4000  449400 360600 810000 829769.875125 1659539.750250 6638159001.000000 nan 
900 620 4000  443610 366390 810000 864659.862000 1729319.724000 6917278896.000000 nan 
900 640 4000  438220 371780 810000 868621.755125 1737243.510250 6948974041.000000 nan 
900 660 4000  433230 376770 810000 869881.417625 1739762.835250 6959051341.000000 nan 
900 680 4000  428640 381360 810000 878233.174625 1756466.349250 7025865397.000000 nan 
900 700 4000  424450 385550 810000 880621.412625 1761242.825250 7044971301.000000 nan 
900 720 4000  420660 389340 810000 914354.436875 1828708.873750 7314835495.000000 nan 
900 740 4000  417270 392730 810000 908813.867500 1817627.735000 7270510940.000000 nan 
900 760 4000  414280 395720 810000 923315.665125 1846631.330250 7386525321.000000 nan 
900 780 4000  411690 398310 810000 927936.158000 1855872.316000 7423489264.000000 nan 
900 800 4000  409500 400500 810000 970720.694750 1941441.389500 7765765558.000000 nan 
900 820 4000  407710 402290 810000 925635.101625 1851270.203250 7405080813.000000 nan 
900 840 4000  406320 403680 810000 940518.639750 1881037.279500 7524149118.000000 nan 
900 860 4000  405330 404670 810000 936128.849875 1872257.699750 7489030799.000000 nan 
900 880 4000  404740 405260 810000 958453.986875 1916907.973750 7667631895.000000 nan 
900 900 4000  404550 405450 810000 961047.731750 1922095.463500 7688381854.000000 nan 
1000 0 4000  999000 1000 1000000 1444.580500 2889.161000 11556644.000000 0.000000 
1000 20 4000  979210 20790 1000000 51835.420625 103670.841250 414683365.000000 nan 
1000 40 4000  959820 40180 1000000 102890.803000 205781.606000 823126424.000000 nan 
1000 60 4000  940830 59170 1000000 145407.403750 290814.807500 1163259230.000000 nan 
1000 80 4000  922240 77760 1000000 185346.087750 370692.175500 1482768702.000000 nan 
1000 100 4000  904050 95950 1000000 229397.725625 458795.451250 1835181805.000000 nan 
1000 120 4000  886260 113740 1000000 272499.230000 544998.460000 2179993840.000000 nan 
1000 140 4000  868870 131130 1000000 306689.830125 613379.660250 2453518641.000000 nan 
1000 160 4000  851880 148120 1000000 348917.541250 697835.082500 2791340330.000000 nan 
1000 180 4000  835290 164710 1000000 385315.535875 770631.071750 3082524287.000000 nan 
1000 200 4000  819100 180900 1000000 419120.610375 838241.220750 3352964883.000000 nan 
1000 220 4000  803310 196690 1000000 463938.552750 927877.105500 3711508422.000000 nan 
1000 240 4000  787920 212080 1000000 493928.728500 987857.457000 3951429828.000000 nan 
1000 260 4000  772930 227070 1000000 526085.473125 1052170.946250 4208683785.000000 nan 
1000 280 4000  758340 241660 1000000 570546.917375 1141093.834750 4564375339.000000 nan 
1000 300 4000  744150 255850 1000000 590332.770875 1180665.541750 4722662167.000000 nan 
1000 320 4000  730360 269640 1000000 623306.802125 1246613.604250 4986454417.000000 nan 
1000 340 4000  716970 283030 1000000 655321.508000 1310643.016000 5242572064.000000 nan 
1000 360 4000  703980 296020 1000000 679688.265000 1359376.530000 5437506120.000000 nan 
1000 380 4000  691390 308610 1000000 724179.725750 1448359.451500 5793437806.000000 nan 
1000 400 4000  679200 320800 1000000 742089.242875 1484178.485750 5936713943.000000 nan 
1000 420 4000  667410 332590 1000000 768852.196750 1537704.393500 6150817574.000000 nan 
1000 440 4000  656020 343980 1000000 786585.000875 1573170.001750 6292680007.000000 nan 
1000 460 4000  645030 354970 1000000 829290.862375 1658581.724750 6634326899.000000 nan 
1000 480 4000  634440 365560 1000000 846147.006500 1692294.013000 6769176052.000000 nan 
1000 500 4000  624250 375750 1000000 876922.443375 1753844.886750 7015379547.000000 nan 
1000 520 4000  614460 385540 1000000 909427.530875 1818855.061750 7275420247.000000 nan 
1000 540 4000  605070 394930 1000000 909263.065625 1818526.131250 7274104525.000000 nan 
1000 560 4000  596080 403920 1000000 928183.958250 1856367.916500 7425471666.000000 nan 
1000 580 4000  587490 412510 1000000 945604.129375 1891208.258750 7564833035.000000 nan 
1000 600 4000  579300 420700 1000000 969627.494125 1939254.988250 7757019953.000000 nan 
1000 620 4000  571510 428490 1000000 996880.064125 1993760.128250 7975040513.000000 nan 
1000 640 4000  564120 435880 1000000 1015332.035125 2030664.070250 8122656281.000000 nan 
1000 660 4000  557130 442870 1000000 1016078.877375 2032157.754750 8128631019.000000 nan 
1000 680 4000  550540 449460 1000000 1050571.707250 2101143.414500 8404573658.000000 nan 
1000 700 4000  544350 455650 1000000 1038078.738750 2076157.477500 8304629910.000000 nan 
1000 720 4000  538560 461440 1000000 1056430.467875 2112860.935750 8451443743.000000 nan 
1000 740 4000  533170 466830 1000000 1081698.594500 2163397.189000 8653588756.000000 nan 
1000 760 4000  528180 471820 1000000 1088997.538375 2177995.076750 8711980307.000000 nan 
1000 780 4000  523590 476410 1000000 1114904.269000 2229808.538000 8919234152.000000 nan 
1000 800 4000  519400 480600 1000000 1100578.205250 2201156.410500 8804625642.000000 nan 
1000 820 4000  515610 484390 1000000 1118604.082875 2237208.165750 8948832663.000000 nan 
1000 840 4000  512220 487780 1000000 1124884.150625 2249768.301250 8999073205.000000 nan 
1000 860 4000  509230 490770 1000000 1127299.088000 2254598.176000 9018392704.000000 nan 
1000 880 4000  506640 493360 1000000 1156282.264500 2312564.529000 9250258116.000000 nan 
1000 900 4000  504450 495550 1000000 1159842.332375 2319684.664750 9278738659.000000 nan 
1000 920 4000  502660 497340 1000000 1202869.056000 2405738.112000 9622952448.000000 nan 
1000 940 4000  501270 498730 1000000 1155055.419250 2310110.838500 9240443354.000000 nan 
1000 960 4000  500280 499720 1000000 1164772.933000 2329545.866000 9318183464.000000 nan 
1000 980 4000  499690 500310 1000000 1143715.000125 2287430.000250 9149720001.000000 nan 
1000 1000 4000  499500 500500 1000000 1150734.614500 2301469.229000 9205876916.000000 nan 
