10 0 4000  90 10 100 45.850875 91.701750 366807.000000 0.000000 
10 5 4000  55 45 100 102.966750 205.933500 823734.000000 5037969801417283.000000 
10 10 4000  45 55 100 78.849125 157.698250 630793.000000 422556297527312.500000 
20 0 4000  380 20 400 89.156125 178.312250 713249.000000 0.000000 
20 5 4000  295 105 400 82.951000 165.902000 663608.000000 700310105523976660435948809630457385713664.000000 
20 10 4000  235 165 400 95.737500 191.475000 765900.000000 1767604914728847048842860317229444132503552.000000 
20 15 4000  200 200 400 95.665750 191.331500 765326.000000 2795443939746613956866483938780580539269120.000000 
20 20 4000  190 210 400 82.690000 165.380000 661520.000000 872156336774542565015062816954046130159616.000000 
30 0 4000  870 30 900 228.056375 456.112750 1824451.000000 0.000000 
30 5 4000  735 165 900 211.106250 422.212500 1688850.000000 11835036531101147754947077391148852758314105652533444088573433217024.000000 
30 10 4000  625 275 900 233.634125 467.268250 1869073.000000 49122299465311010433419978213108840561612873633229136348980445184000.000000 
30 15 4000  540 360 900 183.839875 367.679750 1470719.000000 8030178103308453418311516668671408779016196743437084789507511812096.000000 
30 20 4000  480 420 900 183.539500 367.079000 1468316.000000 849099811083712338554234238284344176475132939058980425443263381504.000000 
30 25 4000  445 455 900 183.476375 366.952750 1467811.000000 30501666299556476547144086135168673685733265748398871830343723253760.000000 
30 30 4000  435 465 900 197.334625 394.669250 1578677.000000 64347126809659818902089730181636837943019604544370243617546521542656.000000 
40 0 4000  1560 40 1600 213.664500 427.329000 1709316.000000 0.000000 
40 5 4000  1375 225 1600 191.593750 383.187500 1532750.000000 17346791241752380758103145538546409715057725904891493322579534417408954270475372030469341184.000000 
40 10 4000  1215 385 1600 191.574625 383.149250 1532597.000000 34733990727798206603847379317557850414116488213404733500154727113716459346923813969556668416.000000 
40 15 4000  1080 520 1600 325.930125 651.860250 2607441.000000 9254597666538433329047312876145603449696214182724241279351189404888827524123743519724535808.000000 
40 20 4000  970 630 1600 192.196625 384.393250 1537573.000000 2068897326008345117006845724157779321762524696459892957715588851029546899585672370083332096.000000 
40 25 4000  885 715 1600 249.502625 499.005250 1996021.000000 37965384785252014277795458202161374856184380760362402620137384128771064686580572392796454912.000000 
40 30 4000  825 775 1600 250.527750 501.055500 2004222.000000 17398793760863772585443803318877301741838572038329965937159198607055257776372408835702259712.000000 
40 35 4000  790 810 1600 191.779125 383.558250 1534233.000000 4343691205497801025295385640509603641933841550408898186875643527939358418239858218798940160.000000 
40 40 4000  780 820 1600 192.368750 384.737500 1538950.000000 6402244959599644351274354229282957047750956946713569282789229455867710989037750241518944256.000000 
50 0 4000  2450 50 2500 414.781250 829.562500 3318250.000000 0.000000 
50 5 4000  2215 285 2500 511.407000 1022.814000 4091256.000000 2318368738319319148220844760437944792300353635481072874275742206668433166756496078478158034544509995587700116160512.000000 
50 10 4000  2005 495 2500 417.872375 835.744750 3342979.000000 617318023871996696453538994972672619497632353877721555960593084162986298415269441574303149637022663027544131895296.000000 
50 15 4000  1820 680 2500 435.732125 871.464250 3485857.000000 1044657630837532084449523954189635061230090847394313398204902444949066483743414746543496235884019385947134669881344.000000 
50 20 4000  1660 840 2500 436.251000 872.502000 3490008.000000 231774145110676346525685687847817715206859683844304496239186308410320507613703768017712047504218651509503750569984.000000 
50 25 4000  1525 975 2500 437.781250 875.562500 3502250.000000 424173798832568528726783977383030501055294104036932150203299688771959573158836370421966009891184925603061173321728.000000 
50 30 4000  1415 1085 2500 416.884625 833.769250 3335077.000000 57871057064279824224125511579384202173396458232014784471507345050947062153288734690598917045815806755944452325376.000000 
50 35 4000  1330 1170 2500 593.406000 1186.812000 4747248.000000 19545812443287364695918170759688659953887757395942221513822935975666954104008811108731577916861450043587244851200.000000 
50 40 4000  1270 1230 2500 418.550750 837.101500 3348406.000000 38779736132457491853689908995879742749725250592934929664266299049118661519857635316724716971973206839878108577792.000000 
50 45 4000  1235 1265 2500 444.399625 888.799250 3555197.000000 29352713870386265611865558882635201388747724519009871071514884811665422700525024677111006719145492904793404866560.000000 
50 50 4000  1225 1275 2500 504.666125 1009.332250 4037329.000000 8413055469485221299217335966615429322308800646821389631021150572232771177470294737192157179099307367391559680.000000 
60 0 4000  3540 60 3600 493.193750 986.387500 3945550.000000 0.000000 
60 5 4000  3255 345 3600 416.708000 833.416000 3333664.000000 186714568026953170096761052066179753466232809809417276436207132196937378843632453071575819328102342248906278527377101441841295559491584.000000 
60 10 4000  2995 605 3600 409.575625 819.151250 3276605.000000 2389332166763941404783784958517688263723975433766615219479181999203252434771439494052579890347679028272285783606166235047725749699084288.000000 
60 15 4000  2760 840 3600 420.552750 841.105500 3364422.000000 555493913454278036114311834394364252517725279755174244390605681819208272852341657842438558179065142436440788678617582594760832123404288.000000 
60 20 4000  2550 1050 3600 382.842625 765.685250 3062741.000000 776526373467091473839523401825148719843954902130412832833495570721431262569189160506470405020457961724917626320300188513494231236476928.000000 
60 25 4000  2365 1235 3600 415.615500 831.231000 3324924.000000 2915916989197850429394283341445937672726811224098179117805077694026847390394356781578144851576160568034714280456828401964606549162721280.000000 
60 30 4000  2205 1395 3600 453.719625 907.439250 3629757.000000 912158594943068319025269648855814396194146176176100672165435647282384653021841191094775853075309162593230872244269144095667216994795520.000000 
60 35 4000  2070 1530 3600 416.454875 832.909750 3331639.000000 1117297512657198304093268996108826921868828229360710025459563819279148405346361561123328415899653114364377330196068180557275221828042752.000000 
60 40 4000  1960 1640 3600 435.549625 871.099250 3484397.000000 4023277774903357444016992032214952758039345811463397115979890030973260286832301363430670091365060757804860897425015801088346553923403776.000000 
60 45 4000  1875 1725 3600 532.604625 1065.209250 4260837.000000 3482373581019806489442852689071311456138162531193174265174172142800439632260733200565019942627609803805299508469644794165296281883246592.000000 
60 50 4000  1815 1785 3600 381.325000 762.650000 3050600.000000 374932362688637070344743618986424905784247401795364873928364401428968568962676874625871117713119594525300218482049483478241652930248704.000000 
60 55 4000  1780 1820 3600 375.567000 751.134000 3004536.000000 4224917841345102823088396010448804736524915239898559263969548798754325058160693752488403973972070436836505202201961791621517065288941568.000000 
60 60 4000  1770 1830 3600 472.365375 944.730750 3778923.000000 89119795132663970458056806732045740595192927799062960051844095146583343347611344211463556311194537582658592112420013421153686126592.000000 
70 0 4000  4830 70 4900 895.415125 1790.830250 7163321.000000 0.000000 
70 5 4000  4495 405 4900 942.837125 1885.674250 7542697.000000 1191699752855160464280911882487837529345681978006784306665607912143898871482646815558624757966370217743430638713125611983088357164174611464014471269346967552.000000 
70 10 4000  4185 715 4900 1238.713750 2477.427500 9909710.000000 26816466374821247288605023228529509217981503290814403735353034263806211007654349871550649114666667236988124363688285511547037418803075829126922977929068544.000000 
70 15 4000  3900 1000 4900 940.981625 1881.963250 7527853.000000 759702153119741470435310127567201442972662739284470410498272037013485326790597634882579417118132526421439828176655948274485867526908107781511295798203121664.000000 
70 20 4000  3640 1260 4900 1204.225625 2408.451250 9633805.000000 55353601018473774525550145821996646845958888645447821987415718120236595934909957359554520622750392121746924557157978730293687323715741536455614387047104512.000000 
70 25 4000  3405 1495 4900 912.857500 1825.715000 7302860.000000 543059265982866640964871574554426266351006211323858891003602520709910082161960794250245511529108361008974392157729540657900877172923984102393239745199079424.000000 
70 30 4000  3195 1705 4900 954.415250 1908.830500 7635322.000000 4116553143807753484667960967269285127623227759730800064584115568810696031119542869074443311318987262669349672936759649006886944734276210836947388584748384256.000000 
70 35 4000  3010 1890 4900 924.940500 1849.881000 7399524.000000 651967759825475795556022285242553116160121762985944589001875392264661075623729670590162143728377212832283072603827388663875533820209401586940276386557853696.000000 
70 40 4000  2850 2050 4900 939.757250 1879.514500 7518058.000000 2385111273972360226612981579214853608179749984385882799808135543310777864685092277475354506392319467274787688418369385617771017005251448075981676067816472576.000000 
70 45 4000  2715 2185 4900 953.325250 1906.650500 7626602.000000 2825998004673033687872715332055016298999174503497837363125198689943221266086369598978611292960563283271317294053161762187878753726819390657094259516901425152.000000 
70 50 4000  2605 2295 4900 1089.674375 2179.348750 8717395.000000 2602870823831319096019222696424595991127500013219659130755928957570764657408106733688028542316546344660170806951384055551047258877455455271272578040805195776.000000 
70 55 4000  2520 2380 4900 1184.608875 2369.217750 9476871.000000 967038456234373160779130013049658875564340825915775593030044202700663253733274090553362328983618747576228362124431105942800795824847844929645653415914635264.000000 
70 60 4000  2460 2440 4900 895.087625 1790.175250 7160701.000000 325205118604828809656157999401517652194807934548908073529782678502803402107722608364579848265036827099105985921584113665369971055256688803829414406169559040.000000 
70 65 4000  2425 2475 4900 900.580250 1801.160500 7204642.000000 5093713180892624721676251141885582615584125912702220633692832557926758145499859893500769797172111874685543340203385395861913253988785565080157923894624256.000000 
70 70 4000  2415 2485 4900 888.873625 1777.747250 7110989.000000 41280857132869326114182825213752666669599867056279014463056366516109658804316382288793451784885246109454721154656839054889510843906171497443612513548632064.000000 
80 0 4000  6320 80 6400 1247.357375 2494.714750 9978859.000000 0.000000 
80 5 4000  5935 465 6400 1187.677250 2375.354500 9501418.000000 193059948499607712500440341478434975367719935940161677294925809747450887803508579044518622867614111590032741477522323414454655909227304446324986277879019967488845293673972236288.000000 
80 10 4000  5575 825 6400 1339.311625 2678.623250 10714493.000000 2968579082247615386203186626023928276391951920808727490164669600180861359235964594586492329158700903419957459286620124287643283208597591063911976920201412681141863483900428288.000000 
80 15 4000  5240 1160 6400 1159.374875 2318.749750 9274999.000000 48728029580618877720548923533544808825218691808734340551934882183931062420937055436980108298150921494740980676582742380328985678595325220402037668728426681420215016583331840000.000000 
80 20 4000  4930 1470 6400 1585.338125 3170.676250 12682705.000000 704467489345288674466569761067078272730738166949909269543821631840329392745799043959180203731789887478506359872649899464490364885201826653836160071039400046985953023316849590272.000000 
80 25 4000  4645 1755 6400 1214.940750 2429.881500 9719526.000000 31844755627241747088716278223199608529684067979359572906673034420723254002849894536602973132587293738186437863322496934516397253168754639714355850220146957322761454350430633984.000000 
80 30 4000  4385 2015 6400 1120.351125 2240.702250 8962809.000000 512758827990785804395542371735147019186578512719758358909409031924317917223224234036634985190226400222472861825850702729606904375897703433697138858519820233188017929499470462976.000000 
80 35 4000  4150 2250 6400 1336.732625 2673.465250 10693861.000000 40573901652885719962029961508498685882940298722766994355419640780689094551242947169675197495292033817641203940767094347732520468199075813884109011257362971134470796815793913856.000000 
80 40 4000  3940 2460 6400 1312.147750 2624.295500 10497182.000000 152370125709160602147359036885769444365709571824436549502840037593516279655853361210341041775271480064832722651101865784040588479953160402686593763241909445484666239251310968832.000000 
80 45 4000  3755 2645 6400 1115.102500 2230.205000 8920820.000000 611494414678001714251140213531061817284763560519378062133443325102505550066412122611070864258725614764522056432472976502902958922442443937899772063962532101510614919296302710784.000000 
80 50 4000  3595 2805 6400 1169.354375 2338.708750 9354835.000000 174886084879841000710121579726045035671664841620648102197384380980668064324069229737554043901276654282210254139565444517325030704244777294516506774300620056546893119452524576768.000000 
80 55 4000  3460 2940 6400 1130.719750 2261.439500 9045758.000000 383381536961434877183042212608177202866625980743234002001292918772314214163027617155355291644892870522682272038782801808899675967028525783874537753604257353032431441013377073152.000000 
80 60 4000  3350 3050 6400 1165.892625 2331.785250 9327141.000000 543180558667564305039444815375109439777441524614093863557529772277208804644490026509469254853358171585620826284651502666087997365086923776360626928227359609599515179000279334912.000000 
80 65 4000  3265 3135 6400 1170.921000 2341.842000 9367368.000000 415304640112010451167673796474390136760676730829101737532535223156600796653830121939188058710550728692824254645484759196641432904782459579891869918189759716177268645580788203520.000000 
80 70 4000  3205 3195 6400 1139.051250 2278.102500 9112410.000000 111059201533274771627985586093103549160886137792348225489994672910841916774617255666751358475402119703874927478491215108088481145344557733031737046223139042734532780494770143232.000000 
80 75 4000  3170 3230 6400 1212.757500 2425.515000 9702060.000000 127127842654662050555075913472708163063147229691070834933051834006188848601509909655997352899271881552091221737721777319988575302998268422319842364740766936086164224372820148224.000000 
80 80 4000  3160 3240 6400 1316.253125 2632.506250 10530025.000000 769028240209852489278235316398633101893700192192170559707791818254378297561495473097593752089974071393203865424876255961327689388908464356431863009212754576508430258778593558528.000000 
90 0 4000  8010 90 8100 1429.785625 2859.571250 11438285.000000 0.000000 
90 5 4000  7575 525 8100 1394.024500 2788.049000 11152196.000000 20189136739185320786026034617213651475232678833535394962414118227008169641744057256638253910557524494102609084216423067729430876364455867077442923274853115981018936365626773586048562758351943892992.000000 
90 10 4000  7165 935 8100 1873.308875 3746.617750 14986471.000000 14091543608037740279086720409229889339253921651616677467721273378554207552858286845333845181970613716277318818570406843521449870212039867156382571877472152213373918930538891155941969287792004431872.000000 
90 15 4000  6780 1320 8100 1542.455500 3084.911000 12339644.000000 3814274442625582070609379329414501822586673853515423343735649491792889161176689950202507446575439615089004005615722432827907600067240772310006007395682013468016512193879843808285439001165702365184.000000 
90 20 4000  6420 1680 8100 1376.715125 2753.430250 11013721.000000 146016131737304089667433957651983150649597854063308070898498478574963468454848637633566198194375382129914458470817117988529347297765117289927748876611784900001309258893816117368039378131317948416.000000 
90 25 4000  6085 2015 8100 1390.699000 2781.398000 11125592.000000 16537452910042914952971282904374366761336753593341620188504382417962766983345455537848326933013361204290463756660052199867267637131682852024733327592812497457782447284723047082782948599793914478592.000000 
90 30 4000  5775 2325 8100 1419.256750 2838.513500 11354054.000000 14200632068881022937346580227086167213915173850705575634058170364747710706137339647262461028493628899764839625567816991708324340187643242484289282180109631015641753159493924681787703531188919468032.000000 
90 35 4000  5490 2610 8100 1790.958500 3581.917000 14327668.000000 11957633792357157650553809945761388334516087361293092094702399847180616521467528672885772480579559750513056488343537123607248693434418291983953329095936313978431331168206933059378830142798383022080.000000 
90 40 4000  5230 2870 8100 1430.323000 2860.646000 11442584.000000 8259164847770798433317070207693664256124196778754017732564073880228698111558650613324823782032133815048239680323642257770299515535975393142969126026627034889585055825455635516901807037214848188416.000000 
90 45 4000  4995 3105 8100 1892.163625 3784.327250 15137309.000000 21024590805897665615563915819871650804684885870414707601128941781851773497495455474445499439247682009074481288044952661357971865248323755829623924029020269153221277355697071171176533342979279028224.000000 
90 50 4000  4785 3315 8100 1455.055250 2910.110500 11640442.000000 8555333744331497527091750975523339974397588333086539134637976522520510330181262263071241815430245445440109534495865459005265959077864649152505743470163479781796951450859650840250022066546764939264.000000 
90 55 4000  4600 3500 8100 1724.055250 3448.110500 13792442.000000 7027314930444047525744124265204818534572784491384077049639906710318797910881085086989928582242844242287248962199548970665438848895791147387912270720797172708566530978434235552135011210870038462464.000000 
90 60 4000  4440 3660 8100 1463.554000 2927.108000 11708432.000000 49533899385903443085408254569221585129002088489606593345720750997381502771480665632680944181818083159119972622017676647484450200879252373456989899062761472788732280949022328774928957611683533029376.000000 
90 65 4000  4305 3795 8100 1458.656750 2917.313500 11669254.000000 3559000095986975552436111950196671226624842274320831181520256852506519633537435261550315336459857372644123987987478484759346781952829006516750049059811226731384701679738643368102268506620741812224.000000 
90 70 4000  4195 3905 8100 1606.201875 3212.403750 12849615.000000 219286829515656021310532442121686257772246669576438391414649717752225202671740394586951047282105046856781870290240330454562433735667817188466315454831347631121926479424020417691990821368452087808.000000 
90 75 4000  4110 3990 8100 1600.231750 3200.463500 12801854.000000 35428292247584274512399953938511213772818505184254030282575066206231156015636367976260141681843799673285961522914594521812920936871121401519807089016651936895049974195774599664188427540302145781760.000000 
90 80 4000  4050 4050 8100 1393.668250 2787.336500 11149346.000000 18306316431764742843362092103647901110046105291865035811343186043867924654582052980782640839619994630617280922383869809411078299921799558771266112976839473350460259291244865045571432350385879121920.000000 
90 85 4000  4015 4085 8100 1433.555375 2867.110750 11468443.000000 2044045820944275267049380133694302154515036706127089376774995789045686598158200229658230582180733059899848441308146708949402559309087586932744239909584741337274644509993457189071039027275389468672.000000 
90 90 4000  4005 4095 8100 1391.213750 2782.427500 11129710.000000 4745800682929289013418448710865380704050837796611903006604691320223591635541006152246231015649356810163919286350061230509526969390296171303770555751947363623316753389166167718154972370524956524544.000000 
100 0 4000  9900 100 10000 1695.758625 3391.517250 13566069.000000 0.000000 
100 5 4000  9415 585 10000 1680.780500 3361.561000 13446244.000000 21801979272237823226352154059502945183690055752084411821124437198768475903929894529517092938840508617960713967841433470956141741993793501912732985655137368113489229951282453108833578397269614837320934197463397433344.000000 
100 10 4000  8955 1045 10000 1946.793500 3893.587000 15574348.000000 129620763328133792143770651855149618233475102736444653081326274473098557981459768684882823838675563656596345824704943240967962806184677828949860085676251913835541804564326517241155074377234409977155921814831241363456.000000 
100 15 4000  8520 1480 10000 1681.258000 3362.516000 13450064.000000 4819769137328540613401784020647409939658839385680469961565077170778676465895777614306464361487233646138188390702795559153025559661670447345187490067166905773716079506977412953416962425769474341932310634539583012864.000000 
100 20 4000  8110 1890 10000 1702.882625 3405.765250 13623061.000000 919210826935776780483325132387805718973590851720038685602203758411514711397475807439727681056917151991539732660510536222057347005299761136374195581827189526073046624905344908330762926642727648672475761205683087736832.000000 
100 25 4000  7725 2275 10000 1670.080625 3340.161250 13360645.000000 220264179057341630160081430384884535130409209306694451308388277093149208853222896386944884786424015042748947935691686377301505497899022493974442633315184380905419315491858581255924348682040749717905175147846878363648.000000 
100 30 4000  7365 2635 10000 1709.658125 3419.316250 13677265.000000 51724294056619826105387342147387211359255167001820361084342091707957583213154157502530838820059361791298798303183494799327844638573952558552508689412116450154959360521051687557121698198119632779564791737019969568768.000000 
100 35 4000  7030 2970 10000 1925.272875 3850.545750 15402183.000000 1479383579088903748751769073019869507284929365172360548862995881784701145925967749011827389737653582642127588077020945031965565669055885240621817793531619506091792426439925038913429090205646606622830649697188481859584.000000 
100 40 4000  6720 3280 10000 1908.168125 3816.336250 15265345.000000 1394579325078121815360412817999599165676067293711306003185190544182542256754623104344043748860076018075310850017025070792895531859045817779748700434064714235648432423313227241239480848452290516686487509555270775734272.000000 
100 45 4000  6435 3565 10000 1806.180000 3612.360000 14449440.000000 44458751472176493129916017037729443022969290994162276677968540476892973064172832143590672059452430408684554653746823790619014041632263201302350009305428940350346664797993450246372836624651080651996892345853087318016.000000 
100 50 4000  6175 3825 10000 2284.161125 4568.322250 18273289.000000 28512608117913772368516441789837703300750647027159619576877746814543227695763403605113479014980930673931056356639867711703865344387878669131878150034631238398045305649449972331595581899907844595890994737301227044864.000000 
100 55 4000  5940 4060 10000 1693.098625 3386.197250 13544789.000000 207060321948887051220082221215424716531208696651084177384506773343213965154522609067900835308283588102835119117642252431577208329066351324627976699411676277668879825692883646585991456148341005243306323839148649086976.000000 
100 60 4000  5730 4270 10000 1721.662125 3443.324250 13773297.000000 432962532265959258536232510746150803832876386530353687648775175600751927563526615213010514953734556092636104009824253162674762119801756107791014469675829513233715182076160803704093040036209767476688027215405659455488.000000 
100 65 4000  5545 4455 10000 2158.744375 4317.488750 17269955.000000 308129569522576358989151102662320177468111236895552276766914686191232875019385751361879371766101926090915171660111349567467979892671100546456878623947891651124478561472435320867085879830328775530522128748381888053248.000000 
100 70 4000  5385 4615 10000 1701.252125 3402.504250 13610017.000000 325915845701184813792223837756860165033992943416418990019741047775050084470565356910124377077194477962544649814891042113011544280104063925787104524077019096317074223425242384701622034955858693481364342263468007620608.000000 
100 75 4000  5250 4750 10000 1782.864750 3565.729500 14262918.000000 110460682073710686035250146304371947875866831820416071728341030529803564012000719761414206126636581953126048026869638612686634177772727543376109063623269316178306798939571805648715814508547909424452744871678452957184.000000 
100 80 4000  5140 4860 10000 1754.569125 3509.138250 14036553.000000 263292338828075151054357575701627634500113662487835485327094059347590844497467937274481991552063977648468239142021393508499884196445513737328773446327222078273210727810368510225856571903258990230471431675707526217728.000000 
100 85 4000  5055 4945 10000 1780.393625 3560.787250 14243149.000000 967173672204242168374138813209893199861141916100966697683413688596481674323816297022425791724966746461401761103149517798760264358874913750558918345053435156763368754378418993167792195507010482156308526849628020146176.000000 
100 90 4000  4995 5005 10000 2146.657875 4293.315750 17173263.000000 327259520146463424710012037214617437506216579216225847704365752696464629297284045073963898207255820197173715391759289561547988997902165751556717982661538338483533044576424902246822448889584454591931124328532614840320.000000 
100 95 4000  4960 5040 10000 1919.331000 3838.662000 15354648.000000 874041291173140004130814068158297991119774735937411325107145819671319813776229571421916211547588630470803060942617696775575872635361606076931100183756010069074568258453842883070468443664897039172103209541651717423104.000000 
100 100 4000  4950 5050 10000 1980.730375 3961.460750 15845843.000000 40844010867496780963744760114729001001723459705780778272921516338590299026558404648070168465328415358115300869461670700569970579340712209075056974321304050264377789909290521614509657321415593341264042102256799055872.000000 
100 0 4000  9900 100 10000 1922.907750 3845.815500 15383262.000000 0.000000 
100 20 4000  8110 1890 10000 1771.909125 3543.818250 14175273.000000 962376087846386482059441904763391359469493471867141625397353748919072068883867960795666712196725763664644917245757550725711302029997114616157016168911468778335718332156530985539220700382017250937479647727109518917632.000000 
100 40 4000  6720 3280 10000 1805.060125 3610.120250 14440481.000000 239223257240556242677820093885488259846016714774501617654623983272776584061706842089954453852433612340827955600299224992160266329835790662294757602306287332777103986897103677912444082754169722731465384794299922644992.000000 
100 60 4000  5730 4270 10000 1978.296750 3956.593500 15826374.000000 176472463761621819394874475496540980289671536921222164660080884267051098895888391079717770309499819037454823385784337619139150736090560207481047531459441281707166539804596043178919207545925777575995795495310518648832.000000 
100 80 4000  5140 4860 10000 1810.019125 3620.038250 14480153.000000 348431445801879951483060522764509693547592196847160611137283690008163787505074907099484517872581854343498592032470879698265352743824691076400155767794790165355192872487904051762401401398240338774559195155294469488640.000000 
100 100 4000  4950 5050 10000 1724.933500 3449.867000 13799468.000000 5558043361024910333754633360430583065747040412361376809565796190907014462386140128443523191036563982789583632440393237099868677887137115312615965233858974451809217109652512891291163493833819402030822841132748111872.000000 
200 0 4000  39800 200 40000 7937.468500 15874.937000 63499748.000000 0.000000 
200 20 4000  36010 3990 40000 8130.184750 16260.369500 65041478.000000 nan 
200 40 4000  32620 7380 40000 8055.095250 16110.190500 64440762.000000 nan 
200 60 4000  29630 10370 40000 7740.954125 15481.908250 61927633.000000 nan 
200 80 4000  27040 12960 40000 8308.206625 16616.413250 66465653.000000 nan 
200 100 4000  24850 15150 40000 7807.679500 15615.359000 62461436.000000 nan 
200 120 4000  23060 16940 40000 8799.774750 17599.549500 70398198.000000 nan 
200 140 4000  21670 18330 40000 9011.244750 18022.489500 72089958.000000 nan 
200 160 4000  20680 19320 40000 8213.792375 16427.584750 65710339.000000 nan 
200 180 4000  20090 19910 40000 7956.640125 15913.280250 63653121.000000 nan 
200 200 4000  19900 20100 40000 9467.060250 18934.120500 75736482.000000 nan 
300 0 4000  89700 300 90000 22208.476000 44416.952000 177667808.000000 0.000000 
300 20 4000  83910 6090 90000 22040.828375 44081.656750 176326627.000000 nan 
300 40 4000  78520 11480 90000 23177.595250 46355.190500 185420762.000000 nan 
300 60 4000  73530 16470 90000 22263.811125 44527.622250 178110489.000000 nan 
300 80 4000  68940 21060 90000 22246.195500 44492.391000 177969564.000000 nan 
300 100 4000  64750 25250 90000 22299.303250 44598.606500 178394426.000000 nan 
300 120 4000  60960 29040 90000 23764.242875 47528.485750 190113943.000000 nan 
300 140 4000  57570 32430 90000 21973.976000 43947.952000 175791808.000000 nan 
300 160 4000  54580 35420 90000 22067.380250 44134.760500 176539042.000000 nan 
300 180 4000  51990 38010 90000 24736.324500 49472.649000 197890596.000000 nan 
300 200 4000  49800 40200 90000 22429.791625 44859.583250 179438333.000000 nan 
300 220 4000  48010 41990 90000 22240.251625 44480.503250 177922013.000000 nan 
300 240 4000  46620 43380 90000 22283.910500 44567.821000 178271284.000000 nan 
300 260 4000  45630 44370 90000 22512.515125 45025.030250 180100121.000000 nan 
300 280 4000  45040 44960 90000 22428.636625 44857.273250 179429093.000000 nan 
300 300 4000  44850 45150 90000 22106.704875 44213.409750 176853639.000000 nan 
400 0 4000  159600 400 160000 32432.452750 64864.905500 259459622.000000 0.000000 
400 20 4000  151810 8190 160000 32655.635125 65311.270250 261245081.000000 nan 
400 40 4000  144420 15580 160000 32432.440125 64864.880250 259459521.000000 nan 
400 60 4000  137430 22570 160000 32417.800000 64835.600000 259342400.000000 nan 
400 80 4000  130840 29160 160000 31415.832750 62831.665500 251326662.000000 nan 
400 100 4000  124650 35350 160000 33120.592375 66241.184750 264964739.000000 nan 
400 120 4000  118860 41140 160000 32985.751250 65971.502500 263886010.000000 nan 
400 140 4000  113470 46530 160000 32816.030625 65632.061250 262528245.000000 nan 
400 160 4000  108480 51520 160000 32732.245250 65464.490500 261857962.000000 nan 
400 180 4000  103890 56110 160000 31989.995375 63979.990750 255919963.000000 nan 
400 200 4000  99700 60300 160000 29830.600125 59661.200250 238644801.000000 nan 
400 220 4000  95910 64090 160000 33403.911125 66807.822250 267231289.000000 nan 
400 240 4000  92520 67480 160000 30822.365500 61644.731000 246578924.000000 nan 
400 260 4000  89530 70470 160000 31468.519375 62937.038750 251748155.000000 nan 
400 280 4000  86940 73060 160000 32021.627250 64043.254500 256173018.000000 nan 
400 300 4000  84750 75250 160000 31388.361750 62776.723500 251106894.000000 nan 
400 320 4000  82960 77040 160000 32656.715250 65313.430500 261253722.000000 nan 
400 340 4000  81570 78430 160000 32636.400375 65272.800750 261091203.000000 nan 
400 360 4000  80580 79420 160000 32377.000125 64754.000250 259016001.000000 nan 
400 380 4000  79990 80010 160000 32771.294875 65542.589750 262170359.000000 nan 
400 400 4000  79800 80200 160000 31571.508250 63143.016500 252572066.000000 nan 
500 0 4000  249500 500 250000 36911.118250 73822.236500 295288946.000000 0.000000 
500 20 4000  239710 10290 250000 36825.981375 73651.962750 294607851.000000 nan 
500 40 4000  230320 19680 250000 36461.118000 72922.236000 291688944.000000 nan 
500 60 4000  221330 28670 250000 36661.033250 73322.066500 293288266.000000 nan 
500 80 4000  212740 37260 250000 34857.942250 69715.884500 278863538.000000 nan 
500 100 4000  204550 45450 250000 37288.903000 74577.806000 298311224.000000 nan 
500 120 4000  196760 53240 250000 38208.613375 76417.226750 305668907.000000 nan 
500 140 4000  189370 60630 250000 37581.271375 75162.542750 300650171.000000 nan 
500 160 4000  182380 67620 250000 37282.033625 74564.067250 298256269.000000 nan 
500 180 4000  175790 74210 250000 36944.370125 73888.740250 295554961.000000 nan 
500 200 4000  169600 80400 250000 36821.523750 73643.047500 294572190.000000 nan 
500 220 4000  163810 86190 250000 37171.904250 74343.808500 297375234.000000 nan 
500 240 4000  158420 91580 250000 36496.863250 72993.726500 291974906.000000 nan 
500 260 4000  153430 96570 250000 36938.530250 73877.060500 295508242.000000 nan 
500 280 4000  148840 101160 250000 37320.833375 74641.666750 298566667.000000 nan 
500 300 4000  144650 105350 250000 37176.280250 74352.560500 297410242.000000 nan 
500 320 4000  140860 109140 250000 36789.558250 73579.116500 294316466.000000 nan 
500 340 4000  137470 112530 250000 36865.729000 73731.458000 294925832.000000 nan 
500 360 4000  134480 115520 250000 37365.716125 74731.432250 298925729.000000 nan 
500 380 4000  131890 118110 250000 36752.774625 73505.549250 294022197.000000 nan 
500 400 4000  129700 120300 250000 37076.273250 74152.546500 296610186.000000 nan 
500 420 4000  127910 122090 250000 38849.033250 77698.066500 310792266.000000 nan 
500 440 4000  126520 123480 250000 38300.841500 76601.683000 306406732.000000 nan 
500 460 4000  125530 124470 250000 37201.897000 74403.794000 297615176.000000 nan 
500 480 4000  124940 125060 250000 37102.245500 74204.491000 296817964.000000 nan 
500 500 4000  124750 125250 250000 36305.365625 72610.731250 290442925.000000 nan 
600 0 4000  359400 600 360000 39935.044625 79870.089250 319480357.000000 0.000000 
600 20 4000  347610 12390 360000 38766.103375 77532.206750 310128827.000000 nan 
600 40 4000  336220 23780 360000 38586.032500 77172.065000 308688260.000000 nan 
600 60 4000  325230 34770 360000 39175.539625 78351.079250 313404317.000000 nan 
600 80 4000  314640 45360 360000 39185.916250 78371.832500 313487330.000000 nan 
600 100 4000  304450 55550 360000 38856.249875 77712.499750 310849999.000000 nan 
600 120 4000  294660 65340 360000 43478.963625 86957.927250 347831709.000000 nan 
600 140 4000  285270 74730 360000 39284.562250 78569.124500 314276498.000000 nan 
600 160 4000  276280 83720 360000 39133.147000 78266.294000 313065176.000000 nan 
600 180 4000  267690 92310 360000 38856.764250 77713.528500 310854114.000000 nan 
600 200 4000  259500 100500 360000 38774.438500 77548.877000 310195508.000000 nan 
600 220 4000  251710 108290 360000 39170.985750 78341.971500 313367886.000000 nan 
600 240 4000  244320 115680 360000 39897.609375 79795.218750 319180875.000000 nan 
600 260 4000  237330 122670 360000 39097.676875 78195.353750 312781415.000000 nan 
600 280 4000  230740 129260 360000 41322.931125 82645.862250 330583449.000000 nan 
600 300 4000  224550 135450 360000 38962.838500 77925.677000 311702708.000000 nan 
600 320 4000  218760 141240 360000 39012.758500 78025.517000 312102068.000000 nan 
600 340 4000  213370 146630 360000 38925.265375 77850.530750 311402123.000000 nan 
600 360 4000  208380 151620 360000 39499.225250 78998.450500 315993802.000000 nan 
600 380 4000  203790 156210 360000 39391.059625 78782.119250 315128477.000000 nan 
600 400 4000  199600 160400 360000 38875.234125 77750.468250 311001873.000000 nan 
600 420 4000  195810 164190 360000 38780.113750 77560.227500 310240910.000000 nan 
600 440 4000  192420 167580 360000 40858.863000 81717.726000 326870904.000000 nan 
600 460 4000  189430 170570 360000 39567.766625 79135.533250 316542133.000000 nan 
600 480 4000  186840 173160 360000 39068.844125 78137.688250 312550753.000000 nan 
600 500 4000  184650 175350 360000 39384.545000 78769.090000 315076360.000000 nan 
600 520 4000  182860 177140 360000 39066.468625 78132.937250 312531749.000000 nan 
600 540 4000  181470 178530 360000 43823.308500 87646.617000 350586468.000000 nan 
600 560 4000  180480 179520 360000 39480.372500 78960.745000 315842980.000000 nan 
600 580 4000  179890 180110 360000 38948.656375 77897.312750 311589251.000000 nan 
600 600 4000  179700 180300 360000 39036.364500 78072.729000 312290916.000000 nan 
700 0 4000  489300 700 490000 47347.830375 94695.660750 378782643.000000 0.000000 
700 20 4000  475510 14490 490000 46152.660500 92305.321000 369221284.000000 nan 
700 40 4000  462120 27880 490000 45193.541875 90387.083750 361548335.000000 nan 
700 60 4000  449130 40870 490000 45545.452625 91090.905250 364363621.000000 nan 
700 80 4000  436540 53460 490000 47129.266250 94258.532500 377034130.000000 nan 
700 100 4000  424350 65650 490000 45576.511625 91153.023250 364612093.000000 nan 
700 120 4000  412560 77440 490000 47459.030500 94918.061000 379672244.000000 nan 
700 140 4000  401170 88830 490000 44885.444875 89770.889750 359083559.000000 nan 
700 160 4000  390180 99820 490000 47025.224250 94050.448500 376201794.000000 nan 
700 180 4000  379590 110410 490000 45596.449125 91192.898250 364771593.000000 nan 
700 200 4000  369400 120600 490000 47337.653625 94675.307250 378701229.000000 nan 
700 220 4000  359610 130390 490000 45676.897625 91353.795250 365415181.000000 nan 
700 240 4000  350220 139780 490000 49064.176375 98128.352750 392513411.000000 nan 
700 260 4000  341230 148770 490000 45217.574000 90435.148000 361740592.000000 nan 
700 280 4000  332640 157360 490000 47531.230375 95062.460750 380249843.000000 nan 
700 300 4000  324450 165550 490000 45223.652750 90447.305500 361789222.000000 nan 
700 320 4000  316660 173340 490000 46445.416125 92890.832250 371563329.000000 nan 
700 340 4000  309270 180730 490000 44851.178875 89702.357750 358809431.000000 nan 
700 360 4000  302280 187720 490000 45571.853625 91143.707250 364574829.000000 nan 
700 380 4000  295690 194310 490000 45787.072250 91574.144500 366296578.000000 nan 
700 400 4000  289500 200500 490000 47160.022375 94320.044750 377280179.000000 nan 
700 420 4000  283710 206290 490000 45805.673875 91611.347750 366445391.000000 nan 
700 440 4000  278320 211680 490000 45861.024625 91722.049250 366888197.000000 nan 
700 460 4000  273330 216670 490000 46092.135375 92184.270750 368737083.000000 nan 
700 480 4000  268740 221260 490000 49478.843750 98957.687500 395830750.000000 nan 
700 500 4000  264550 225450 490000 45888.176000 91776.352000 367105408.000000 nan 
700 520 4000  260760 229240 490000 47275.001625 94550.003250 378200013.000000 nan 
700 540 4000  257370 232630 490000 45960.941500 91921.883000 367687532.000000 nan 
700 560 4000  254380 235620 490000 45477.077875 90954.155750 363816623.000000 nan 
700 580 4000  251790 238210 490000 48451.268000 96902.536000 387610144.000000 nan 
700 600 4000  249600 240400 490000 48126.359750 96252.719500 385010878.000000 nan 
700 620 4000  247810 242190 490000 47072.157750 94144.315500 376577262.000000 nan 
700 640 4000  246420 243580 490000 44912.832375 89825.664750 359302659.000000 nan 
700 660 4000  245430 244570 490000 46297.410625 92594.821250 370379285.000000 nan 
700 680 4000  244840 245160 490000 46146.474875 92292.949750 369171799.000000 nan 
700 700 4000  244650 245350 490000 49802.596250 99605.192500 398420770.000000 nan 
800 0 4000  639200 800 640000 56418.838250 112837.676500 451350706.000000 0.000000 
800 20 4000  623410 16590 640000 58250.483375 116500.966750 466003867.000000 nan 
800 40 4000  608020 31980 640000 56235.277500 112470.555000 449882220.000000 nan 
800 60 4000  593030 46970 640000 56680.390000 113360.780000 453443120.000000 nan 
800 80 4000  578440 61560 640000 59054.184875 118108.369750 472433479.000000 nan 
800 100 4000  564250 75750 640000 58436.827250 116873.654500 467494618.000000 nan 
800 120 4000  550460 89540 640000 57061.794875 114123.589750 456494359.000000 nan 
800 140 4000  537070 102930 640000 55674.679500 111349.359000 445397436.000000 nan 
800 160 4000  524080 115920 640000 58021.118500 116042.237000 464168948.000000 nan 
800 180 4000  511490 128510 640000 56690.716750 113381.433500 453525734.000000 nan 
800 200 4000  499300 140700 640000 57576.095125 115152.190250 460608761.000000 nan 
800 220 4000  487510 152490 640000 58121.576250 116243.152500 464972610.000000 nan 
800 240 4000  476120 163880 640000 55997.172625 111994.345250 447977381.000000 nan 
800 260 4000  465130 174870 640000 57867.419250 115734.838500 462939354.000000 nan 
800 280 4000  454540 185460 640000 56142.078125 112284.156250 449136625.000000 nan 
800 300 4000  444350 195650 640000 55929.038125 111858.076250 447432305.000000 nan 
800 320 4000  434560 205440 640000 56910.492750 113820.985500 455283942.000000 nan 
800 340 4000  425170 214830 640000 57510.618750 115021.237500 460084950.000000 nan 
800 360 4000  416180 223820 640000 57495.951625 114991.903250 459967613.000000 nan 
800 380 4000  407590 232410 640000 64070.890500 128141.781000 512567124.000000 nan 
800 400 4000  399400 240600 640000 56252.202500 112504.405000 450017620.000000 nan 
800 420 4000  391610 248390 640000 58742.123875 117484.247750 469936991.000000 nan 
800 440 4000  384220 255780 640000 57836.313125 115672.626250 462690505.000000 nan 
800 460 4000  377230 262770 640000 56700.076000 113400.152000 453600608.000000 nan 
800 480 4000  370640 269360 640000 59587.150500 119174.301000 476697204.000000 nan 
800 500 4000  364450 275550 640000 57729.593875 115459.187750 461836751.000000 nan 
800 520 4000  358660 281340 640000 61032.286250 122064.572500 488258290.000000 nan 
800 540 4000  353270 286730 640000 63859.506500 127719.013000 510876052.000000 nan 
800 560 4000  348280 291720 640000 58229.238125 116458.476250 465833905.000000 nan 
800 580 4000  343690 296310 640000 57763.229125 115526.458250 462105833.000000 nan 
800 600 4000  339500 300500 640000 58190.045500 116380.091000 465520364.000000 nan 
800 620 4000  335710 304290 640000 55966.115625 111932.231250 447728925.000000 nan 
800 640 4000  332320 307680 640000 59078.484125 118156.968250 472627873.000000 nan 
800 660 4000  329330 310670 640000 57900.819375 115801.638750 463206555.000000 nan 
800 680 4000  326740 313260 640000 58206.751000 116413.502000 465654008.000000 nan 
800 700 4000  324550 315450 640000 59373.186625 118746.373250 474985493.000000 nan 
800 720 4000  322760 317240 640000 57489.724875 114979.449750 459917799.000000 nan 
800 740 4000  321370 318630 640000 58369.198250 116738.396500 466953586.000000 nan 
800 760 4000  320380 319620 640000 58646.638000 117293.276000 469173104.000000 nan 
800 780 4000  319790 320210 640000 59250.063250 118500.126500 474000506.000000 nan 
800 800 4000  319600 320400 640000 59468.156375 118936.312750 475745251.000000 nan 
900 0 4000  809100 900 810000 73610.906000 147221.812000 588887248.000000 0.000000 
900 20 4000  791310 18690 810000 68247.470375 136494.940750 545979763.000000 nan 
900 40 4000  773920 36080 810000 72299.303875 144598.607750 578394431.000000 nan 
900 60 4000  756930 53070 810000 67663.095125 135326.190250 541304761.000000 nan 
900 80 4000  740340 69660 810000 70288.140250 140576.280500 562305122.000000 nan 
900 100 4000  724150 85850 810000 67183.905000 134367.810000 537471240.000000 nan 
900 120 4000  708360 101640 810000 67795.964375 135591.928750 542367715.000000 nan 
900 140 4000  692970 117030 810000 68266.069500 136532.139000 546128556.000000 nan 
900 160 4000  677980 132020 810000 72082.469125 144164.938250 576659753.000000 nan 
900 180 4000  663390 146610 810000 71887.241250 143774.482500 575097930.000000 nan 
900 200 4000  649200 160800 810000 80087.973500 160175.947000 640703788.000000 nan 
900 220 4000  635410 174590 810000 81694.310625 163388.621250 653554485.000000 nan 
900 240 4000  622020 187980 810000 76723.740625 153447.481250 613789925.000000 nan 
900 260 4000  609030 200970 810000 93534.314375 187068.628750 748274515.000000 nan 
900 280 4000  596440 213560 810000 74279.518125 148559.036250 594236145.000000 nan 
900 300 4000  584250 225750 810000 70360.857750 140721.715500 562886862.000000 nan 
900 320 4000  572460 237540 810000 74156.228750 148312.457500 593249830.000000 nan 
900 340 4000  561070 248930 810000 78612.659125 157225.318250 628901273.000000 nan 
900 360 4000  550080 259920 810000 83321.163875 166642.327750 666569311.000000 nan 
900 380 4000  539490 270510 810000 67390.258500 134780.517000 539122068.000000 nan 
900 400 4000  529300 280700 810000 67147.999625 134295.999250 537183997.000000 nan 
900 420 4000  519510 290490 810000 70811.900125 141623.800250 566495201.000000 nan 
900 440 4000  510120 299880 810000 77231.663500 154463.327000 617853308.000000 nan 
900 460 4000  501130 308870 810000 67748.038000 135496.076000 541984304.000000 nan 
900 480 4000  492540 317460 810000 69179.751000 138359.502000 553438008.000000 nan 
900 500 4000  484350 325650 810000 68771.341750 137542.683500 550170734.000000 nan 
900 520 4000  476560 333440 810000 67967.119250 135934.238500 543736954.000000 nan 
900 540 4000  469170 340830 810000 70092.652750 140185.305500 560741222.000000 nan 
900 560 4000  462180 347820 810000 66774.181750 133548.363500 534193454.000000 nan 
900 580 4000  455590 354410 810000 73573.187375 147146.374750 588585499.000000 nan 
900 600 4000  449400 360600 810000 68389.068125 136778.136250 547112545.000000 nan 
900 620 4000  443610 366390 810000 77440.209625 154880.419250 619521677.000000 nan 
900 640 4000  438220 371780 810000 67215.593250 134431.186500 537724746.000000 nan 
900 660 4000  433230 376770 810000 86963.443625 173926.887250 695707549.000000 nan 
900 680 4000  428640 381360 810000 71596.377250 143192.754500 572771018.000000 nan 
900 700 4000  424450 385550 810000 78393.152250 156786.304500 627145218.000000 nan 
900 720 4000  420660 389340 810000 68667.064875 137334.129750 549336519.000000 nan 
900 740 4000  417270 392730 810000 67154.592250 134309.184500 537236738.000000 nan 
900 760 4000  414280 395720 810000 81230.083125 162460.166250 649840665.000000 nan 
900 780 4000  411690 398310 810000 72281.775750 144563.551500 578254206.000000 nan 
900 800 4000  409500 400500 810000 72287.120125 144574.240250 578296961.000000 nan 
900 820 4000  407710 402290 810000 68338.819250 136677.638500 546710554.000000 nan 
900 840 4000  406320 403680 810000 82949.025000 165898.050000 663592200.000000 nan 
900 860 4000  405330 404670 810000 85658.119250 171316.238500 685264954.000000 nan 
900 880 4000  404740 405260 810000 67148.049750 134296.099500 537184398.000000 nan 
900 900 4000  404550 405450 810000 73655.591125 147311.182250 589244729.000000 nan 
1000 0 4000  999000 1000 1000000 88497.223000 176994.446000 707977784.000000 0.000000 
1000 20 4000  979210 20790 1000000 88508.727875 177017.455750 708069823.000000 nan 
1000 40 4000  959820 40180 1000000 93418.736125 186837.472250 747349889.000000 nan 
1000 60 4000  940830 59170 1000000 87958.856000 175917.712000 703670848.000000 nan 
1000 80 4000  922240 77760 1000000 90733.672625 181467.345250 725869381.000000 nan 
1000 100 4000  904050 95950 1000000 91629.354250 183258.708500 733034834.000000 nan 
1000 120 4000  886260 113740 1000000 91378.475250 182756.950500 731027802.000000 nan 
1000 140 4000  868870 131130 1000000 87474.333000 174948.666000 699794664.000000 nan 
1000 160 4000  851880 148120 1000000 88176.274500 176352.549000 705410196.000000 nan 
1000 180 4000  835290 164710 1000000 93103.829875 186207.659750 744830639.000000 nan 
1000 200 4000  819100 180900 1000000 97061.390375 194122.780750 776491123.000000 nan 
1000 220 4000  803310 196690 1000000 101270.293625 202540.587250 810162349.000000 nan 
1000 240 4000  787920 212080 1000000 88239.105500 176478.211000 705912844.000000 nan 
1000 260 4000  772930 227070 1000000 95225.427375 190450.854750 761803419.000000 nan 
1000 280 4000  758340 241660 1000000 105505.334125 211010.668250 844042673.000000 nan 
1000 300 4000  744150 255850 1000000 89423.129625 178846.259250 715385037.000000 nan 
1000 320 4000  730360 269640 1000000 88231.557500 176463.115000 705852460.000000 nan 
1000 340 4000  716970 283030 1000000 90849.041250 181698.082500 726792330.000000 nan 
1000 360 4000  703980 296020 1000000 88473.024500 176946.049000 707784196.000000 nan 
1000 380 4000  691390 308610 1000000 89132.932000 178265.864000 713063456.000000 nan 
1000 400 4000  679200 320800 1000000 87330.879375 174661.758750 698647035.000000 nan 
1000 420 4000  667410 332590 1000000 90674.552875 181349.105750 725396423.000000 nan 
1000 440 4000  656020 343980 1000000 87706.288750 175412.577500 701650310.000000 nan 
1000 460 4000  645030 354970 1000000 88161.622500 176323.245000 705292980.000000 nan 
1000 480 4000  634440 365560 1000000 91032.532125 182065.064250 728260257.000000 nan 
1000 500 4000  624250 375750 1000000 92600.697375 185201.394750 740805579.000000 nan 
1000 520 4000  614460 385540 1000000 93055.993250 186111.986500 744447946.000000 nan 
1000 540 4000  605070 394930 1000000 87925.942500 175851.885000 703407540.000000 nan 
1000 560 4000  596080 403920 1000000 89754.130500 179508.261000 718033044.000000 nan 
1000 580 4000  587490 412510 1000000 88123.727625 176247.455250 704989821.000000 nan 
1000 600 4000  579300 420700 1000000 101820.364625 203640.729250 814562917.000000 nan 
1000 620 4000  571510 428490 1000000 87311.380125 174622.760250 698491041.000000 nan 
1000 640 4000  564120 435880 1000000 88140.901125 176281.802250 705127209.000000 nan 
1000 660 4000  557130 442870 1000000 96239.319625 192478.639250 769914557.000000 nan 
1000 680 4000  550540 449460 1000000 90572.740250 181145.480500 724581922.000000 nan 
1000 700 4000  544350 455650 1000000 88842.364500 177684.729000 710738916.000000 nan 
1000 720 4000  538560 461440 1000000 88696.475000 177392.950000 709571800.000000 nan 
1000 740 4000  533170 466830 1000000 91793.393000 183586.786000 734347144.000000 nan 
1000 760 4000  528180 471820 1000000 91985.486750 183970.973500 735883894.000000 nan 
1000 780 4000  523590 476410 1000000 114561.083625 229122.167250 916488669.000000 nan 
1000 800 4000  519400 480600 1000000 91907.842625 183815.685250 735262741.000000 nan 
1000 820 4000  515610 484390 1000000 101862.271875 203724.543750 814898175.000000 nan 
1000 840 4000  512220 487780 1000000 93689.345250 187378.690500 749514762.000000 nan 
1000 860 4000  509230 490770 1000000 89050.114625 178100.229250 712400917.000000 nan 
1000 880 4000  506640 493360 1000000 88092.260625 176184.521250 704738085.000000 nan 
1000 900 4000  504450 495550 1000000 89971.174125 179942.348250 719769393.000000 nan 
1000 920 4000  502660 497340 1000000 89126.183125 178252.366250 713009465.000000 nan 
1000 940 4000  501270 498730 1000000 88845.098750 177690.197500 710760790.000000 nan 
1000 960 4000  500280 499720 1000000 92513.766875 185027.533750 740110135.000000 nan 
1000 980 4000  499690 500310 1000000 87915.400000 175830.800000 703323200.000000 nan 
1000 1000 4000  499500 500500 1000000 95450.434500 190900.869000 763603476.000000 nan 
10 0 4000  90 10 100 51.862250 103.724500 414898.000000 0.000000 
10 5 4000  55 45 100 525.114625 1050.229250 4200917.000000 0.000000 
10 10 4000  45 55 100 303.757250 607.514500 2430058.000000 0.000000 
20 0 4000  380 20 400 315.675500 631.351000 2525404.000000 0.000000 
20 5 4000  295 105 400 1442.945000 2885.890000 11543560.000000 0.000000 
20 10 4000  235 165 400 996.297250 1992.594500 7970378.000000 0.000000 
20 15 4000  200 200 400 1148.901875 2297.803750 9191215.000000 0.000000 
20 20 4000  190 210 400 1013.913000 2027.826000 8111304.000000 0.000000 
30 0 4000  870 30 900 632.414125 1264.828250 5059313.000000 0.000000 
30 5 4000  735 165 900 2281.694375 4563.388750 18253555.000000 0.000000 
30 10 4000  625 275 900 2387.909250 4775.818500 19103274.000000 0.000000 
30 15 4000  540 360 900 2120.838625 4241.677250 16966709.000000 0.000000 
30 20 4000  480 420 900 2105.905250 4211.810500 16847242.000000 0.000000 
30 25 4000  445 455 900 2279.158000 4558.316000 18233264.000000 0.000000 
30 30 4000  435 465 900 2626.806750 5253.613500 21014454.000000 0.000000 
40 0 4000  1560 40 1600 1579.046375 3158.092750 12632371.000000 0.000000 
40 5 4000  1375 225 1600 4302.309875 8604.619750 34418479.000000 0.000000 
40 10 4000  1215 385 1600 4127.708625 8255.417250 33021669.000000 0.000000 
40 15 4000  1080 520 1600 4384.900625 8769.801250 35079205.000000 0.000000 
40 20 4000  970 630 1600 4260.446500 8520.893000 34083572.000000 0.000000 
40 25 4000  885 715 1600 4143.593250 8287.186500 33148746.000000 0.000000 
40 30 4000  825 775 1600 4315.387250 8630.774500 34523098.000000 0.000000 
40 35 4000  790 810 1600 4309.561500 8619.123000 34476492.000000 0.000000 
40 40 4000  780 820 1600 4153.516000 8307.032000 33228128.000000 0.000000 
50 0 4000  2450 50 2500 2254.789750 4509.579500 18038318.000000 0.000000 
50 5 4000  2215 285 2500 6481.083750 12962.167500 51848670.000000 0.000000 
50 10 4000  2005 495 2500 6397.567250 12795.134500 51180538.000000 0.000000 
50 15 4000  1820 680 2500 6454.215500 12908.431000 51633724.000000 0.000000 
50 20 4000  1660 840 2500 6188.963750 12377.927500 49511710.000000 0.000000 
50 25 4000  1525 975 2500 6366.046000 12732.092000 50928368.000000 0.000000 
50 30 4000  1415 1085 2500 6267.873250 12535.746500 50142986.000000 0.000000 
50 35 4000  1330 1170 2500 6217.336750 12434.673500 49738694.000000 0.000000 
50 40 4000  1270 1230 2500 6311.942375 12623.884750 50495539.000000 0.000000 
50 45 4000  1235 1265 2500 6221.999250 12443.998500 49775994.000000 0.000000 
50 50 4000  1225 1275 2500 6151.802250 12303.604500 49214418.000000 0.000000 
60 0 4000  3540 60 3600 3097.746000 6195.492000 24781968.000000 0.000000 
60 5 4000  3255 345 3600 9521.981125 19043.962250 76175849.000000 0.000000 
60 10 4000  2995 605 3600 9044.659000 18089.318000 72357272.000000 0.000000 
60 15 4000  2760 840 3600 8865.215625 17730.431250 70921725.000000 0.000000 
60 20 4000  2550 1050 3600 9631.082125 19262.164250 77048657.000000 0.000000 
60 25 4000  2365 1235 3600 9543.275000 19086.550000 76346200.000000 0.000000 
