80 75 43 95720.200000 186138.000000 238056.400000 90417.800000 0.000000 0.000000 
155 150 179 647842.400000 1271601.200000 1326572.000000 623758.800000 0.000000 0.000000 
230 225 180 982706.000000 2006290.600000 2101445.200000 1023584.600000 0.000000 0.000000 
305 300 192 1500394.600000 2818759.400000 2922158.000000 1318364.800000 0.000000 0.000000 
160 150 506 3519246.600000 6651628.800000 6781019.000000 3132382.200000 0.000000 0.000000 
310 300 616 9244992.200000 17114464.200000 17309062.600000 7869472.000000 0.000000 0.000000 
460 450 499 10413223.200000 19828726.400000 20166684.400000 9415503.200000 0.000000 0.000000 
610 600 751 22629499.400000 41273770.200000 41583644.200000 18644270.800000 0.000000 0.000000 
240 225 908 13646557.200000 25296901.200000 25557248.600000 11650344.000000 0.000000 0.000000 
465 450 1383 42136403.400000 80367252.800000 80766022.600000 38230849.400000 0.000000 0.000000 
690 675 1104 53076012.000000 98773292.200000 99253929.000000 45697280.200000 0.000000 0.000000 
915 900 1248 78241766.000000 149005837.800000 149532857.400000 70764071.800000 0.000000 0.000000 
320 300 1004 27486707.400000 53081739.800000 53462460.400000 25595032.400000 0.000000 0.000000 
620 600 1500 78545366.800000 150476894.000000 151033205.000000 71931527.200000 0.000128 0.000000 
920 900 1500 117475002.400000 233892351.600000 234583779.800000 116417349.200000 0.000087 0.000000 
1220 1200 1500 158945636.800000 310172882.200000 311005788.600000 151227245.400000 0.000012 0.000000 
