10 8 9 3799.800000 8710.600000 37685.800000 4910.800000 0.000000 0.000000 
14 12 7 2590.400000 6794.000000 21568.200000 4203.600000 0.000000 0.000000 
18 16 12 6240.000000 12161.000000 28981.800000 5921.000000 0.000000 0.000000 
22 20 43 35425.400000 53442.400000 79893.600000 18017.000000 0.000000 0.000000 
15 12 20 7880.000000 14613.000000 36979.200000 6733.000000 0.000000 0.000000 
21 18 26 18374.200000 31752.200000 64514.800000 13378.000000 0.000000 0.000000 
27 24 59 75915.000000 105239.400000 131609.200000 29324.400000 0.000000 0.000000 
33 30 12 29537.600000 37814.800000 64458.600000 8277.200000 0.000000 0.000000 
20 16 16 13755.600000 26119.200000 53255.400000 12363.600000 0.000000 0.000000 
28 24 17 27144.200000 36613.400000 60774.800000 9469.200000 0.000000 0.000000 
36 32 21 55528.000000 69902.000000 97301.400000 14374.000000 0.000000 0.000000 
44 40 36 140252.400000 175145.600000 220380.000000 34893.200000 0.000000 0.000000 
35 30 22 55728.400000 68988.200000 92935.800000 13259.800000 0.000000 0.000000 
45 40 20 79113.600000 95589.600000 119847.800000 16476.000000 0.000000 0.000000 
55 50 24 149426.400000 172430.600000 214197.800000 23004.200000 0.000000 0.000000 
55 50 25 149227.600000 170378.600000 208722.200000 21151.000000 0.000000 0.000000 
105 100 23 489907.400000 529654.000000 600968.400000 39746.600000 0.000000 0.000000 
155 150 43 2085699.400000 2222362.200000 2341392.400000 136662.800000 0.000000 0.000000 
205 200 57 4640079.200000 4846545.400000 5081414.800000 206466.200000 0.000001 0.000000 
110 100 175 4023744.800000 4496718.600000 4615449.600000 472973.800000 0.000000 0.000000 
210 200 103 8719856.600000 9251490.800000 9528599.400000 531634.200000 0.000000 0.000000 
310 300 207 36755179.000000 38353843.200000 39055746.000000 1598664.200000 0.000000 0.000000 
410 400 196 59879593.000000 61809537.600000 62915276.600000 1929944.600000 0.000001 0.000000 
165 150 481 25353794.200000 28179109.400000 28410863.400000 2825315.200000 0.000000 0.000000 
315 300 381 70700286.400000 74905845.600000 75555440.600000 4205559.200000 0.000000 0.000000 
465 450 489 205396848.200000 214145853.200000 215567419.200000 8749005.000000 0.000005 0.000000 
615 600 411 305490534.400000 315619442.600000 317315017.600000 10128908.200000 0.000009 0.000000 
220 200 356 41667019.600000 45507295.200000 45882304.000000 3840275.600000 0.000000 0.000000 
420 400 909 315171448.800000 333184007.600000 334421141.600000 18012558.800000 0.000000 0.000000 
620 600 810 592716446.200000 617967839.400000 619775090.800000 25251393.200000 0.000001 0.000000 
820 800 585 753891612.800000 778023435.200000 781078213.400000 24131822.400000 0.000010 0.000000 
