10 8 9 3265.800000 8348.400000 28457.400000 5082.600000 0.000000 0.000000 
14 12 7 1756.400000 7247.200000 30538.000000 5490.800000 0.000000 0.000000 
18 16 12 6869.200000 22010.800000 80235.000000 15141.600000 0.000000 0.000000 
22 20 43 13238.200000 30050.000000 56386.400000 16811.800000 0.000000 0.000000 
15 12 20 5783.200000 15016.200000 43981.800000 9233.000000 0.000000 0.000000 
21 18 26 14278.000000 31183.200000 77983.800000 16905.200000 0.000000 0.000000 
27 24 59 28051.200000 53901.800000 81971.400000 25850.600000 0.000000 0.000000 
33 30 12 8434.800000 17042.800000 40264.200000 8608.000000 0.000000 0.000000 
20 16 16 7775.200000 15916.000000 36487.000000 8140.800000 0.000000 0.000000 
28 24 17 9111.200000 22403.200000 47661.600000 13292.000000 0.000000 0.000000 
36 32 21 21974.400000 38104.000000 69791.800000 16129.600000 0.000000 0.000000 
44 40 36 36113.000000 65763.600000 107023.600000 29650.600000 0.000000 0.000000 
35 30 22 25319.600000 44027.400000 75568.000000 18707.800000 0.000000 0.000000 
45 40 20 21310.800000 36331.000000 72752.000000 15020.200000 0.000000 0.000000 
55 50 24 35021.400000 61392.800000 100608.400000 26371.400000 0.000000 0.000000 
55 50 25 33407.200000 57118.200000 91668.600000 23711.000000 0.000000 0.000000 
105 100 23 74092.600000 119976.000000 178027.800000 45883.400000 0.000000 0.000000 
155 150 43 163320.600000 275143.800000 339107.000000 111823.200000 0.000000 0.000000 
205 200 57 313459.800000 521169.000000 591022.400000 207709.200000 0.000000 0.000000 
110 100 175 828418.400000 1268117.800000 1356488.600000 439699.400000 0.000000 0.000000 
210 200 103 1024776.400000 1552170.600000 1708784.600000 527394.200000 0.000000 0.000000 
310 300 207 3080841.600000 4784092.200000 5026393.400000 1703250.600000 0.000000 0.000000 
410 400 196 3679338.400000 5680387.800000 5974610.000000 2001049.400000 0.000000 0.000000 
165 150 481 5147642.400000 7873784.400000 8095702.200000 2726142.000000 0.000000 0.000000 
315 300 381 8040279.000000 12072946.800000 12463807.000000 4032667.800000 0.000000 0.000000 
465 450 489 15375280.200000 23669441.200000 24281024.400000 8294161.000000 0.000000 0.000000 
615 600 411 17374305.600000 26593580.200000 27329851.400000 9219274.600000 0.000000 0.000000 
220 200 356 6908662.800000 10027361.800000 10427589.200000 3118699.000000 0.000000 0.000000 
420 400 909 38932450.600000 57833271.600000 58660558.200000 18900821.000000 0.000000 0.000000 
620 600 810 47431871.200000 71256737.200000 72396166.600000 23824866.000000 0.000000 0.000000 
820 800 585 46427428.600000 68901312.600000 70316578.400000 22473884.000000 0.000000 0.000000 
820 800 373 27850842.800000 40442873.000000 41932094.400000 12592030.200000 0.000000 0.000000 
1220 1200 872 105360074.800000 158645049.000000 160627666.200000 53284974.200000 0.000000 0.000000 
1620 1600 802 121460237.000000 184056709.400000 186612356.800000 62596472.400000 0.000000 0.000000 
1230 1200 1500 258902596.000000 387793539.800000 391263463.400000 128890943.800000 0.000098 0.000000 
1830 1800 1500 370485794.800000 561288438.600000 566525835.800000 190802643.800000 0.000539 0.000000 
2430 2400 1415 463808509.800000 702943220.600000 710030455.200000 239134710.800000 0.000000 0.000000 
1640 1600 1500 428786579.200000 666248327.400000 673379493.400000 237461748.200000 0.002240 0.000001 
2440 2400 1500 645410139.400000 998802471.800000 1010216805.400000 353392332.400000 0.001815 0.000001 
3240 3200 1500 862146472.800000 1360297729.200000 1374763462.800000 498151256.400000 0.003553 0.000020 
