10 8 9 1595.200000 8030.000000 36467.400000 6434.800000 0.000000 0.000000 
14 12 7 1854.800000 6488.000000 28969.200000 4633.200000 0.000000 0.000000 
18 16 12 3405.600000 9577.800000 33117.400000 6172.200000 0.000000 0.000000 
22 20 43 13216.200000 28528.600000 53397.000000 15312.400000 0.000000 0.000000 
15 12 20 5603.400000 14948.800000 38646.000000 9345.400000 0.000000 0.000000 
21 18 26 9621.000000 19856.200000 47526.800000 10235.200000 0.000000 0.000000 
27 24 59 26012.200000 48895.600000 75340.600000 22883.400000 0.000000 0.000000 
33 30 12 6658.800000 15117.400000 40403.600000 8458.600000 0.000000 0.000000 
20 16 16 6092.600000 13436.000000 41480.400000 7343.400000 0.000000 0.000000 
28 24 17 13709.000000 28806.400000 64421.000000 15097.400000 0.000000 0.000000 
36 32 21 14870.400000 29555.800000 57197.600000 14685.400000 0.000000 0.000000 
44 40 36 33961.400000 61257.800000 93806.600000 27296.400000 0.000000 0.000000 
35 30 22 22392.800000 37308.600000 67524.000000 14915.800000 0.000000 0.000000 
45 40 20 25895.400000 45887.800000 84477.800000 19992.400000 0.000000 0.000000 
55 50 24 34528.400000 58213.600000 92523.400000 23685.200000 0.000000 0.000000 
55 50 25 33640.600000 60146.400000 110910.200000 26505.800000 0.000000 0.000000 
105 100 23 48400.000000 84471.000000 121418.600000 36071.000000 0.000000 0.000000 
155 150 43 146784.800000 259111.400000 303879.400000 112326.600000 0.000000 0.000000 
205 200 57 286979.200000 491650.400000 575916.600000 204671.200000 0.000000 0.000000 
110 100 175 817588.000000 1290118.200000 1397354.000000 472530.200000 0.000000 0.000000 
210 200 103 861754.600000 1369517.400000 1479711.400000 507762.800000 0.000000 0.000000 
310 300 207 2378264.000000 3994458.400000 4164999.400000 1616194.400000 0.000000 0.000000 
410 400 196 3302283.200000 5319428.200000 5480931.800000 2017145.000000 0.000000 0.000000 
165 150 481 4141834.200000 6835996.200000 6972975.800000 2694162.000000 0.000000 0.000000 
315 300 381 6597512.400000 10567362.800000 10801030.000000 3969850.400000 0.000000 0.000000 
465 450 489 13302870.000000 21484071.000000 21814322.800000 8181201.000000 0.000000 0.000000 
615 600 411 13767682.400000 23126328.600000 23499520.600000 9358646.200000 0.000000 0.000000 
220 200 356 5670002.200000 8808643.200000 8994233.600000 3138641.000000 0.000000 0.000000 
420 400 909 29210625.000000 47132178.800000 47424126.400000 17921553.800000 0.000000 0.000000 
620 600 810 38071057.800000 62820878.200000 63278099.400000 24749820.400000 0.000000 0.000000 
820 800 585 35979282.200000 58864481.400000 59495833.000000 22885199.200000 0.000000 0.000000 
