10 8 9 27287.600000 35175.600000 900840.000000 7888.000000 0.000000 0.000000 
14 12 7 12315.000000 17657.400000 41933.600000 5342.400000 0.000000 0.000000 
18 16 12 24839.800000 32036.200000 58809.800000 7196.400000 0.000000 0.000000 
22 20 43 109292.200000 127960.400000 163842.000000 18668.200000 0.000000 0.000000 
15 12 20 32912.800000 41099.200000 67303.600000 8186.400000 0.000000 0.000000 
21 18 26 62024.600000 79964.800000 120520.400000 17940.200000 0.000000 0.000000 
27 24 59 205076.400000 232610.000000 293526.400000 27533.600000 0.000000 0.000000 
33 30 12 61698.200000 72357.600000 120270.400000 10659.400000 0.000000 0.000000 
20 16 16 37288.000000 46006.600000 78336.600000 8718.600000 0.000000 0.000000 
28 24 17 57806.200000 68290.600000 107436.000000 10484.400000 0.000000 0.000000 
36 32 21 113589.000000 129691.600000 180253.000000 16102.600000 0.000000 0.000000 
44 40 36 236838.200000 273331.200000 616823.600000 36493.000000 0.000000 0.000000 
35 30 22 98322.200000 114588.200000 161896.400000 16266.000000 0.000000 0.000000 
45 40 20 140746.400000 160232.000000 250404.000000 19485.600000 0.000000 0.000000 
55 50 24 214669.000000 241306.400000 346845.200000 26637.400000 0.000000 0.000000 
55 50 25 216459.000000 245137.000000 374692.600000 28678.000000 0.000000 0.000000 
105 100 23 492027.800000 542882.600000 1415601.200000 50854.800000 0.000000 0.000000 
155 150 43 1649732.200000 1773765.800000 2637687.800000 124033.600000 0.000000 0.000000 
205 200 57 3334983.200000 3558006.400000 4989761.800000 223023.200000 0.000000 0.000000 
110 100 175 3752490.800000 4234111.200000 4643576.200000 481620.400000 0.000000 0.000000 
210 200 103 6179354.800000 6719811.000000 8181493.000000 540456.200000 0.000000 0.000000 
310 300 207 23959915.600000 25663851.200000 29393374.400000 1703935.600000 0.000000 0.000000 
410 400 196 36840799.200000 38907327.400000 46663637.200000 2066528.200000 0.000000 0.000000 
165 150 481 19958566.000000 22829301.000000 23874431.800000 2870735.000000 0.000000 0.000000 
315 300 381 44811619.000000 48863108.400000 52984942.000000 4051489.400000 0.000000 0.000000 
465 450 489 115711082.000000 124159298.400000 135344472.200000 8448216.400000 0.000000 0.000000 
615 600 411 167319846.000000 177700325.200000 196896835.000000 10380479.200000 0.000000 0.000000 
220 200 356 23575172.000000 26695291.200000 28763041.000000 3120119.200000 0.000000 0.000000 
420 400 909 178467421.600000 196968751.600000 206431747.800000 18501330.000000 0.000000 0.000000 
620 600 810 360194967.400000 388090166.000000 407546658.400000 27895198.600000 0.000000 0.000000 
820 800 585 432533155.000000 457051071.400000 491735691.800000 24517916.400000 0.000000 0.000000 
