80 75 43 96168.000000 177359.200000 220373.600000 81191.200000 0.000000 0.000000 
155 150 179 730918.200000 1448273.200000 1514001.200000 717355.000000 0.000000 0.000000 
230 225 180 1059544.400000 2092016.000000 2251935.800000 1032471.600000 0.000000 0.000000 
305 300 192 1445228.000000 2754064.800000 2852498.800000 1308836.800000 0.000000 0.000000 
160 150 506 3768584.200000 6939849.400000 7109219.600000 3171265.200000 0.000000 0.000000 
310 300 616 9294547.000000 17346032.400000 17659839.800000 8051485.400000 0.000000 0.000000 
460 450 499 11010117.200000 20473246.400000 20873196.200000 9463129.200000 0.000000 0.000000 
610 600 751 23243495.400000 42424663.600000 42965160.600000 19181168.200000 0.000000 0.000000 
240 225 908 14756306.800000 26916585.400000 27290671.800000 12160278.600000 0.000000 0.000000 
465 450 1383 46266699.600000 84756757.800000 85440983.200000 38490058.200000 0.000000 0.000000 
690 675 1104 53994022.600000 100509079.000000 101450562.600000 46515056.400000 0.000000 0.000000 
915 900 1248 81653469.800000 151292471.200000 152499292.000000 69639001.400000 0.000000 0.000000 
320 300 1004 28911681.400000 54205258.400000 54881553.600000 25293577.000000 0.000000 0.000000 
620 600 1500 87297297.600000 163061667.200000 164252454.000000 75764369.600000 0.000128 0.000000 
920 900 1500 130195903.800000 253785283.200000 255521455.600000 123589379.400000 0.000087 0.000000 
1220 1200 1500 170009613.000000 321545089.400000 323748554.600000 151535476.400000 0.000012 0.000000 
