55 50 25 33689.400000 55141.800000 84709.400000 21452.400000 0.000000 0.000000 
105 100 23 58415.600000 95233.600000 142423.000000 36818.000000 0.000000 0.000000 
155 150 43 176835.200000 288732.600000 369980.800000 111897.400000 0.000000 0.000000 
205 200 57 300389.400000 489354.000000 563736.800000 188964.600000 0.000000 0.000000 
110 100 175 864676.600000 1346115.600000 1436737.600000 481439.000000 0.000000 0.000000 
210 200 103 982901.400000 1485007.800000 1644527.200000 502106.400000 0.000000 0.000000 
310 300 207 2991686.000000 4588402.600000 4790937.600000 1596716.600000 0.000000 0.000000 
410 400 196 3758210.800000 5715224.000000 5995075.200000 1957013.200000 0.000000 0.000000 
165 150 481 5064280.400000 7750249.000000 7965258.600000 2685968.600000 0.000000 0.000000 
315 300 381 7969920.600000 12065412.800000 12471359.600000 4095492.200000 0.000000 0.000000 
465 450 489 15630553.200000 24065912.000000 24640635.000000 8435358.800000 0.000000 0.000000 
615 600 411 17771149.000000 27401873.400000 28140781.200000 9630724.400000 0.000000 0.000000 
220 200 356 6894043.800000 9961872.400000 10362439.600000 3067828.600000 0.000000 0.000000 
420 400 909 35514462.800000 53266664.400000 54060653.200000 17752201.600000 0.000000 0.000000 
620 600 810 48063687.200000 72651689.200000 73772164.600000 24588002.000000 0.000000 0.000000 
820 800 585 44047796.000000 65379243.800000 66805358.200000 21331447.800000 0.000000 0.000000 
