14 30 18 6826.000000 25685.000000 49523.000000 0.000002 0.000010 
114 258 36 730168.000000 813284.000000 870184.000000 0.000046 0.000050 
222 510 146 11002892.000000 11714522.000000 11858299.000000 0.000894 0.000894 
330 762 101 16800938.000000 17487620.000000 17793653.000000 0.000319 0.000319 
438 1014 52 15480054.000000 15959969.000000 16658853.000000 0.000117 0.000117 
546 1266 17 8832869.000000 9062712.000000 10169425.000000 0.000007 0.000007 
228 516 99 8076032.000000 8514953.000000 8664333.000000 0.000666 0.000685 
444 1020 573 181270936.000000 186366430.000000 187156415.000000 0.678082 1.307010 
660 1524 92 65527391.000000 66882139.000000 68540443.000000 0.000279 0.000279 
876 2028 291 357776545.000000 363854761.000000 366460567.000000 0.004477 0.004477 
342 774 82 15239255.000000 15804925.000000 16172742.000000 0.000269 0.000269 
666 1530 26 18803400.000000 19208608.000000 20750391.000000 0.000006 0.000006 
990 2286 857 1315304934.000000 1334272695.000000 1337541002.000000 0.092463 0.093854 
456 1032 100 32663705.000000 33535597.000000 34246795.000000 0.000271 0.000271 
888 2040 329 397549221.000000 403879868.000000 406670478.000000 0.016597 0.016597 
570 1290 187 95567219.000000 97824289.000000 98958882.000000 0.002735 0.002735 
1110 2550 827 1557752525.000000 1577854508.000000 1584622293.000000 0.054006 0.057595 
