10 16 211 35482.300000 71800.500000 85589.600000 36318.200000 0.000000 0.000000 
14 24 1 418.300000 3701.600000 18407.700000 3283.300000 0.000000 0.000000 
18 32 220 124940.100000 196161.300000 216343.500000 71221.200000 0.000000 0.000000 
22 40 106 83685.100000 124481.000000 145798.100000 40795.900000 0.000000 0.000000 
15 24 68 30174.200000 49518.400000 70275.400000 19344.200000 0.000079 0.000160 
21 36 79 57651.900000 84935.800000 103320.700000 27283.900000 0.000101 0.000169 
27 48 193 274213.100000 367566.500000 400047.200000 93353.400000 0.024940 0.074261 
33 60 225 442139.000000 564024.900000 593966.000000 121885.900000 0.000624 0.002130 
20 32 200 147786.800000 221101.500000 249779.800000 73314.700000 0.000000 0.000000 
28 48 198 287625.700000 379733.800000 403588.200000 92108.100000 0.000000 0.000000 
36 64 225 605845.400000 755630.400000 797359.300000 149785.000000 0.000000 0.000000 
44 80 169 589818.300000 722676.200000 761216.200000 132857.900000 0.000000 0.000000 
25 40 385 458648.600000 614874.000000 636789.800000 156225.400000 0.003715 0.016736 
35 60 373 851859.800000 1076811.100000 1111817.000000 224951.300000 0.026628 0.097260 
45 80 234 861426.500000 1052940.000000 1085908.600000 191513.500000 0.001197 0.004398 
55 100 311 1827379.100000 2176891.500000 2225980.800000 349512.400000 0.025401 0.120882 
55 100 393 2289576.200000 2716875.200000 2768780.800000 427299.000000 0.003910 0.015682 
105 200 581 12105735.200000 13226166.200000 13333211.500000 1120431.000000 0.007537 0.040264 
155 300 1500 65669383.000000 70288857.600000 70404491.800000 4619474.600000 0.035446 0.400957 
205 400 293 23052888.700000 24325661.500000 24610810.400000 1272772.800000 0.000904 0.003209 
110 200 959 22890203.100000 25634452.600000 25764504.400000 2744249.500000 0.000037 0.000252 
210 400 728 61974625.100000 66137447.600000 66432098.500000 4162822.500000 0.000014 0.000089 
310 600 1500 280984639.300000 293125930.700000 293666326.100000 12141291.400000 0.780442 9.933202 
410 800 1500 473712529.600000 490429519.100000 491408223.000000 16716989.500000 0.065463 0.772662 
165 300 1500 80748983.600000 88641110.000000 88807427.000000 7892126.400000 20.759613 236197.206695 
315 600 1500 279804385.600000 294916465.200000 295514465.300000 15112079.600000 0.727731 13.408565 
465 900 1500 598310698.500000 621475336.300000 622787749.800000 23164637.800000 5.960668 57554.731943 
615 1200 1500 1061972433.700000 1095723147.600000 1097397821.200000 33750713.900000 21.309064 83725.443156 
220 400 1500 135185450.400000 146752052.700000 147022941.500000 11566602.300000 0.861358 472543.036296 
420 800 1500 483535694.400000 507690769.100000 508818703.200000 24155074.700000 17.133258 41458.733388 
620 1200 1500 1069048061.300000 1108366255.100000 1110137614.500000 39318193.800000 28.143314 563443.640821 
820 1600 1500 1884889049.700000 1940117877.600000 1943109944.100000 55228827.900000 7.673782 35020.399758 
