10 16 211 22485.700000 65990.500000 89290.200000 43504.800000 0.000000 0.000000 
14 24 1 251.000000 3021.500000 19585.300000 2770.500000 0.000000 0.000000 
18 32 220 43496.100000 115448.600000 140036.200000 71952.500000 0.000000 0.000000 
22 40 106 26649.900000 70040.900000 90767.100000 43391.000000 0.000000 0.000000 
15 24 68 11751.000000 34889.500000 55803.200000 23138.500000 0.000079 0.000160 
21 36 79 23308.300000 54090.600000 86403.300000 30782.300000 0.000101 0.000169 
27 48 193 78735.300000 167663.000000 194686.000000 88927.700000 0.024940 0.074261 
33 60 225 106916.200000 249410.600000 281357.900000 142494.400000 0.000624 0.002130 
20 32 200 53194.000000 116547.400000 139670.100000 63353.400000 0.000000 0.000000 
28 48 198 88544.800000 180289.900000 205098.400000 91745.100000 0.000000 0.000000 
36 64 225 136451.700000 280160.900000 322580.000000 143709.200000 0.000000 0.000000 
44 80 169 123198.900000 249733.400000 284213.600000 126534.500000 0.000000 0.000000 
25 40 385 163924.100000 331514.200000 357888.900000 167590.100000 0.003715 0.016736 
35 60 373 222766.300000 457132.500000 485184.800000 234366.200000 0.026628 0.097260 
45 80 234 192003.700000 400304.100000 444835.600000 208300.400000 0.001197 0.004398 
55 100 311 306472.900000 637344.500000 680771.800000 330871.600000 0.025401 0.120882 
55 100 393 375114.700000 807997.900000 841980.000000 432883.200000 0.003910 0.015682 
105 200 581 1076957.000000 2174086.900000 2231015.600000 1097129.900000 0.007537 0.040264 
155 300 1500 3881217.500000 7875037.600000 7927861.500000 3993820.100000 0.035446 0.400957 
205 400 293 1095447.900000 2215022.000000 2299501.400000 1119574.100000 0.000904 0.003209 
110 200 959 3080977.900000 5703557.400000 5795842.100000 2622579.500000 0.000037 0.000252 
210 400 728 4686520.100000 8564614.700000 8713952.300000 3878094.600000 0.000014 0.000089 
310 600 1500 14099898.000000 25668802.600000 25817983.900000 11568904.600000 0.780442 9.933202 
410 800 1500 19349471.800000 35068575.300000 35256046.200000 15719103.500000 0.065463 0.772662 
165 300 1500 10865603.300000 18808796.500000 18943185.000000 7943193.200000 20.759613 236197.206694 
315 600 1500 21583991.100000 36920477.200000 37161923.400000 15336486.100000 0.727731 13.408565 
465 900 1500 31284143.800000 54072061.300000 54396768.600000 22787917.500000 5.960668 57554.731943 
615 1200 1500 39607232.300000 69060198.200000 69480456.100000 29452965.900000 21.309066 83725.443098 
220 400 1500 19035464.700000 31304157.000000 31531360.300000 12268692.300000 0.861358 472543.036296 
420 800 1500 36037098.500000 60679475.600000 61117878.400000 24642377.100000 17.133258 41458.733387 
620 1200 1500 56265100.600000 95027439.100000 95654999.100000 38762338.500000 28.143314 563443.640817 
820 1600 1500 74639943.600000 125998768.400000 126871908.300000 51358824.800000 7.673782 35020.399758 
