10 16 211 37329.100000 81855.500000 111685.800000 44526.400000 0.000000 0.000000 
14 24 1 468.800000 11971.500000 41667.200000 11502.700000 0.000000 0.000000 
18 32 220 58030.300000 125641.200000 150378.900000 67610.900000 0.000000 0.000000 
22 40 106 38573.900000 79551.200000 121006.500000 40977.300000 0.000000 0.000000 
15 24 68 17208.000000 38120.500000 67722.900000 20912.500000 0.000079 0.000160 
21 36 79 30940.000000 65895.100000 105811.500000 34955.100000 0.000101 0.000169 
27 48 193 72282.800000 153483.300000 177692.400000 81200.500000 0.024940 0.074261 
33 60 225 118368.000000 233768.700000 266223.300000 115400.700000 0.000624 0.002130 
20 32 200 67351.300000 139752.400000 170008.200000 72401.100000 0.000000 0.000000 
28 48 198 93149.000000 180037.700000 204404.300000 86888.700000 0.000000 0.000000 
36 64 225 158728.700000 312142.400000 349254.500000 153413.700000 0.000000 0.000000 
44 80 169 128318.400000 261870.300000 292346.500000 133551.900000 0.000000 0.000000 
25 40 385 199950.800000 359869.800000 390996.800000 159919.000000 0.003715 0.016736 
35 60 373 244258.800000 454196.400000 479497.900000 209937.600000 0.026628 0.097260 
45 80 234 197046.000000 386610.100000 416126.900000 189564.100000 0.001197 0.004398 
55 100 311 352688.500000 675523.800000 724308.200000 322835.300000 0.025401 0.120882 
55 100 393 437741.900000 847231.700000 887608.600000 409489.800000 0.003910 0.015682 
105 200 581 1207042.700000 2307249.600000 2359431.400000 1100206.900000 0.007537 0.040264 
155 300 1500 4079808.000000 8156162.300000 8213925.500000 4076354.300000 0.035446 0.400957 
205 400 293 1097961.300000 2206659.100000 2284864.900000 1108697.800000 0.000904 0.003209 
110 200 959 3559569.100000 6095471.700000 6180171.000000 2535902.600000 0.000037 0.000252 
210 400 728 5008549.100000 8836932.400000 8960271.000000 3828383.300000 0.000014 0.000089 
310 600 1500 14688749.300000 26521557.200000 26641236.500000 11832807.900000 0.780442 9.933202 
410 800 1500 22476649.200000 38961975.800000 39105638.300000 16485326.600000 0.065463 0.772662 
165 300 1500 10540687.300000 17924146.700000 18023466.700000 7383459.400000 20.759613 236197.206695 
315 600 1500 23751975.200000 39230987.400000 39403645.900000 15479012.200000 0.727731 13.408565 
465 900 1500 32374916.000000 54370625.500000 54533047.600000 21995709.500000 5.960668 57554.731943 
615 1200 1500 39939179.700000 70172743.200000 70409147.300000 30233563.500000 21.309066 83725.443098 
220 400 1500 18318667.500000 30579690.400000 30707342.000000 12261022.900000 0.861358 472543.036296 
420 800 1500 36343530.300000 61728331.300000 61902943.200000 25384801.000000 17.133258 41458.733387 
620 1200 1500 54289672.300000 91840524.100000 92077558.800000 37550851.800000 28.143314 563443.640817 
820 1600 1500 72790532.800000 124405333.400000 124787786.500000 51614800.600000 7.673782 35020.399758 
