10 16 374 24869.000000 169014.000000 198264.000000 144145.000000 0.000000 0.000000 
14 24 128 13883.000000 127064.000000 165968.000000 113181.000000 0.000000 0.000000 
18 32 322 33417.000000 272424.000000 329424.000000 239007.000000 0.000000 0.000000 
22 40 449 52886.000000 392230.000000 421912.000000 339344.000000 0.000000 0.000000 
15 24 276 27070.000000 174390.000000 204591.000000 147320.000000 0.000000 0.000000 
21 36 239 31502.000000 206609.000000 236951.000000 175107.000000 0.000000 0.000000 
27 48 102 17680.000000 121789.000000 153668.000000 104109.000000 0.000000 0.000000 
33 60 423 91097.000000 659019.000000 691779.000000 567922.000000 0.000000 0.000000 
20 32 191 26139.000000 165651.000000 197522.000000 139512.000000 0.000000 0.000000 
28 48 308 58566.000000 409104.000000 442183.000000 350538.000000 0.000000 0.000000 
36 64 338 88550.000000 643259.000000 678975.000000 554709.000000 0.000000 0.000000 
44 80 288 90211.000000 596089.000000 630657.000000 505878.000000 0.000000 0.000000 
25 40 356 68450.000000 412982.000000 455219.000000 344532.000000 0.000000 0.000000 
35 60 225 72656.000000 395813.000000 431367.000000 323157.000000 0.000000 0.000000 
45 80 332 119949.000000 752477.000000 787946.000000 632528.000000 0.000000 0.000000 
55 100 279 128805.000000 762274.000000 800671.000000 633469.000000 0.000000 0.000000 
55 100 339 150943.000000 917755.000000 985885.000000 766812.000000 0.000000 0.000000 
105 200 489 440298.000000 2699530.000000 2773832.000000 2259232.000000 0.000000 0.000000 
155 300 547 723443.000000 4487831.000000 4548231.000000 3764388.000000 0.000000 0.000000 
205 400 504 1037251.000000 6381359.000000 6475248.000000 5344108.000000 0.000000 0.000000 
110 200 567 922739.000000 4828615.000000 4975193.000000 3905876.000000 0.000000 0.000000 
210 400 587 1813279.000000 9423807.000000 9526871.000000 7610528.000000 0.000000 0.000000 
310 600 462 2061872.000000 10896732.000000 11041915.000000 8834860.000000 0.000000 0.000000 
410 800 1500 9413765.000000 49326365.000000 49521380.000000 39912600.000000 1.302981 17183.760917 
165 300 524 1665517.000000 8298199.000000 8435461.000000 6632682.000000 0.000000 0.000000 
315 600 767 4966154.000000 25029547.000000 25230193.000000 20063393.000000 0.000000 0.000000 
465 900 1500 14379804.000000 73140116.000000 73686327.000000 58760312.000000 20.606685 33800.498205 
615 1200 1500 19457393.000000 98470437.000000 98945647.000000 79013044.000000 0.025106 33111.572164 
220 400 537 3057446.000000 15246667.000000 15576986.000000 12189221.000000 0.000000 0.000000 
420 800 1500 17039672.000000 86851131.000000 87200038.000000 69811459.000000 22.394539 60831.483466 
620 1200 559 11041329.000000 56034525.000000 56488368.000000 44993196.000000 0.000000 0.000000 
820 1600 516 11362801.000000 55477276.000000 56086048.000000 44114475.000000 0.000000 0.000000 
10 16 374 24915.000000 167371.000000 196082.000000 142456.000000 0.000000 0.000000 
14 24 128 10773.000000 82183.000000 109482.000000 71410.000000 0.000000 0.000000 
18 32 322 33859.000000 282110.000000 312478.000000 248251.000000 0.000000 0.000000 
22 40 449 57425.000000 464604.000000 497666.000000 407179.000000 0.000000 0.000000 
15 24 276 28420.000000 188957.000000 220512.000000 160537.000000 0.000000 0.000000 
21 36 239 31432.000000 208492.000000 239308.000000 177060.000000 0.000000 0.000000 
27 48 102 17725.000000 122244.000000 152986.000000 104519.000000 0.000000 0.000000 
33 60 423 95964.000000 617615.000000 649007.000000 521651.000000 0.000000 0.000000 
20 32 191 26173.000000 165811.000000 196571.000000 139638.000000 0.000000 0.000000 
28 48 308 58298.000000 373517.000000 408801.000000 315219.000000 0.000000 0.000000 
36 64 338 87388.000000 553329.000000 590414.000000 465941.000000 0.000000 0.000000 
44 80 288 102225.000000 647952.000000 685663.000000 545727.000000 0.000000 0.000000 
25 40 356 67664.000000 387546.000000 419419.000000 319882.000000 0.000000 0.000000 
35 60 225 60511.000000 402630.000000 454176.000000 342119.000000 0.000000 0.000000 
45 80 332 120461.000000 817990.000000 854262.000000 697529.000000 0.000000 0.000000 
55 100 279 136913.000000 831928.000000 872031.000000 695015.000000 0.000000 0.000000 
55 100 339 167736.000000 995851.000000 1034265.000000 828115.000000 0.000000 0.000000 
105 200 489 427238.000000 2697848.000000 2748375.000000 2270610.000000 0.000000 0.000000 
155 300 547 727354.000000 4422980.000000 4485033.000000 3695626.000000 0.000000 0.000000 
205 400 504 863116.000000 5294409.000000 5364751.000000 4431293.000000 0.000000 0.000000 
110 200 567 850579.000000 4584943.000000 4649413.000000 3734364.000000 0.000000 0.000000 
210 400 587 1764758.000000 9228643.000000 9328531.000000 7463885.000000 0.000000 0.000000 
310 600 462 2062080.000000 10601212.000000 10751848.000000 8539132.000000 0.000000 0.000000 
410 800 1500 8857019.000000 47148861.000000 47501593.000000 38291842.000000 1.302981 17183.760917 
165 300 524 1633700.000000 8184359.000000 8287607.000000 6550659.000000 0.000000 0.000000 
315 600 767 5586006.000000 27452725.000000 27655574.000000 21866719.000000 0.000000 0.000000 
465 900 1500 15046100.000000 75569079.000000 75863396.000000 60522979.000000 20.606685 33800.498205 
615 1200 1500 19403953.000000 100623264.000000 101254618.000000 81219311.000000 0.025106 33111.572164 
220 400 537 3101557.000000 14923935.000000 15118864.000000 11822378.000000 0.000000 0.000000 
420 800 1500 17305042.000000 83664960.000000 83965543.000000 66359918.000000 22.394539 60831.483466 
620 1200 559 9442668.000000 46508714.000000 46939390.000000 37066046.000000 0.000000 0.000000 
820 1600 516 11685448.000000 57078062.000000 57769411.000000 45392614.000000 0.000000 0.000000 
10 16 374 24957.000000 146953.000000 175606.000000 121996.000000 0.000000 0.000000 
14 24 128 10983.000000 82618.000000 110758.000000 71635.000000 0.000000 0.000000 
18 32 322 33454.000000 269963.000000 300987.000000 236509.000000 0.000000 0.000000 
22 40 449 52953.000000 374505.000000 404717.000000 321552.000000 0.000000 0.000000 
15 24 276 26712.000000 189043.000000 229196.000000 162331.000000 0.000000 0.000000 
21 36 239 41054.000000 260107.000000 290361.000000 219053.000000 0.000000 0.000000 
27 48 102 17826.000000 121707.000000 152726.000000 103881.000000 0.000000 0.000000 
33 60 423 97742.000000 575207.000000 606558.000000 477465.000000 0.000000 0.000000 
20 32 191 25975.000000 164901.000000 196307.000000 138926.000000 0.000000 0.000000 
28 48 308 59914.000000 485095.000000 518083.000000 425181.000000 0.000000 0.000000 
36 64 338 89304.000000 612649.000000 653093.000000 523345.000000 0.000000 0.000000 
44 80 288 89230.000000 565782.000000 600253.000000 476552.000000 0.000000 0.000000 
25 40 356 71626.000000 436187.000000 479207.000000 364561.000000 0.000000 0.000000 
35 60 225 68991.000000 408616.000000 453751.000000 339625.000000 0.000000 0.000000 
45 80 332 117193.000000 737334.000000 772625.000000 620141.000000 0.000000 0.000000 
55 100 279 144201.000000 876564.000000 927427.000000 732363.000000 0.000000 0.000000 
55 100 339 217572.000000 1260010.000000 1315724.000000 1042438.000000 0.000000 0.000000 
105 200 489 570285.000000 3378807.000000 3448999.000000 2808522.000000 0.000000 0.000000 
155 300 547 962663.000000 5748649.000000 5835932.000000 4785986.000000 0.000000 0.000000 
205 400 504 1208332.000000 7410703.000000 7510670.000000 6202371.000000 0.000000 0.000000 
110 200 567 1146681.000000 6177646.000000 6269109.000000 5030965.000000 0.000000 0.000000 
210 400 587 2312515.000000 11990041.000000 12126145.000000 9677526.000000 0.000000 0.000000 
310 600 462 2717977.000000 14473881.000000 14666516.000000 11755904.000000 0.000000 0.000000 
410 800 1500 11804003.000000 61785846.000000 62013653.000000 49981843.000000 1.302981 17183.760917 
165 300 524 2251023.000000 11228447.000000 11389235.000000 8977424.000000 0.000000 0.000000 
315 600 767 6573461.000000 32696304.000000 32957085.000000 26122843.000000 0.000000 0.000000 
465 900 1500 19077645.000000 95642989.000000 95989924.000000 76565344.000000 20.606685 33800.498205 
615 1200 1500 25697735.000000 132048372.000000 132566942.000000 106350637.000000 0.025106 33111.572164 
220 400 537 4177520.000000 21088246.000000 21370990.000000 16910726.000000 0.000000 0.000000 
420 800 1500 22735434.000000 109947775.000000 110364594.000000 87212341.000000 22.394539 60831.483466 
620 1200 559 12630472.000000 63525671.000000 64165071.000000 50895199.000000 0.000000 0.000000 
820 1600 516 15563362.000000 76424887.000000 77619554.000000 60861525.000000 0.000000 0.000000 
10 16 374 25880.000000 159167.000000 188983.000000 133287.000000 0.000000 0.000000 
14 24 128 11062.000000 109771.000000 136709.000000 98709.000000 0.000000 0.000000 
18 32 322 33560.000000 240876.000000 271362.000000 207316.000000 0.000000 0.000000 
22 40 449 63417.000000 405959.000000 436590.000000 342542.000000 0.000000 0.000000 
15 24 276 28482.000000 198424.000000 229615.000000 169942.000000 0.000000 0.000000 
21 36 239 35287.000000 240301.000000 272986.000000 205014.000000 0.000000 0.000000 
27 48 102 17840.000000 122197.000000 153240.000000 104357.000000 0.000000 0.000000 
33 60 423 89629.000000 587217.000000 618987.000000 497588.000000 0.000000 0.000000 
20 32 191 26208.000000 167026.000000 198058.000000 140818.000000 0.000000 0.000000 
28 48 308 71326.000000 455039.000000 487676.000000 383713.000000 0.000000 0.000000 
36 64 338 87988.000000 607102.000000 653537.000000 519114.000000 0.000000 0.000000 
44 80 288 85448.000000 540052.000000 584539.000000 454604.000000 0.000000 0.000000 
25 40 356 67936.000000 389638.000000 421891.000000 321702.000000 0.000000 0.000000 
35 60 225 79301.000000 422092.000000 532247.000000 342791.000000 0.000000 0.000000 
45 80 332 120482.000000 827191.000000 861984.000000 706709.000000 0.000000 0.000000 
55 100 279 143274.000000 811006.000000 851626.000000 667732.000000 0.000000 0.000000 
55 100 339 171469.000000 1142127.000000 1180764.000000 970658.000000 0.000000 0.000000 
105 200 489 423778.000000 2611755.000000 2669553.000000 2187977.000000 0.000000 0.000000 
155 300 547 737703.000000 4456726.000000 4515909.000000 3719023.000000 0.000000 0.000000 
205 400 504 844471.000000 5259035.000000 5341134.000000 4414564.000000 0.000000 0.000000 
110 200 567 864839.000000 4539802.000000 4605504.000000 3674963.000000 0.000000 0.000000 
210 400 587 1778919.000000 9558555.000000 9662239.000000 7779636.000000 0.000000 0.000000 
310 600 462 2090810.000000 10945431.000000 11108045.000000 8854621.000000 0.000000 0.000000 
410 800 1500 12228215.000000 68172503.000000 68390655.000000 55944288.000000 1.302981 17183.760917 
165 300 524 1728618.000000 8724849.000000 8853804.000000 6996231.000000 0.000000 0.000000 
315 600 767 4923733.000000 24386865.000000 24583612.000000 19463132.000000 0.000000 0.000000 
465 900 1500 14420587.000000 72473401.000000 72754118.000000 58052814.000000 20.606685 33800.498205 
615 1200 1500 18707418.000000 95655023.000000 96042760.000000 76947605.000000 0.025106 33111.572164 
220 400 537 3157613.000000 15396002.000000 15578234.000000 12238389.000000 0.000000 0.000000 
420 800 1500 17576954.000000 87745986.000000 88111994.000000 70169032.000000 22.394539 60831.483466 
620 1200 559 9507270.000000 48565057.000000 49127895.000000 39057787.000000 0.000000 0.000000 
820 1600 516 11396771.000000 57623966.000000 58245390.000000 46227195.000000 0.000000 0.000000 
