10 16 374 35851.000000 168508.000000 218231.000000 132657.000000 0.000000 0.000000 
14 24 128 12151.000000 87022.000000 116822.000000 74871.000000 0.000000 0.000000 
18 32 322 36801.000000 232642.000000 262222.000000 195841.000000 0.000000 0.000000 
22 40 449 63561.000000 413273.000000 444067.000000 349712.000000 0.000000 0.000000 
15 24 276 52040.000000 250115.000000 281056.000000 198075.000000 0.000000 0.000000 
21 36 239 31228.000000 207583.000000 238405.000000 176355.000000 0.000000 0.000000 
27 48 102 16755.000000 124588.000000 156162.000000 107833.000000 0.000000 0.000000 
33 60 423 106672.000000 629130.000000 661321.000000 522458.000000 0.000000 0.000000 
20 32 191 25503.000000 172394.000000 203439.000000 146891.000000 0.000000 0.000000 
28 48 308 57328.000000 423459.000000 460111.000000 366131.000000 0.000000 0.000000 
36 64 338 73697.000000 517125.000000 550627.000000 443428.000000 0.000000 0.000000 
44 80 288 85747.000000 592905.000000 648666.000000 507158.000000 0.000000 0.000000 
25 40 356 64397.000000 426909.000000 497639.000000 362512.000000 0.000000 0.000000 
35 60 225 53309.000000 386377.000000 430514.000000 333068.000000 0.000000 0.000000 
45 80 332 111306.000000 752035.000000 788438.000000 640729.000000 0.000000 0.000000 
55 100 279 120297.000000 745918.000000 784297.000000 625621.000000 0.000000 0.000000 
55 100 339 154411.000000 1030641.000000 1072303.000000 876230.000000 0.000000 0.000000 
105 200 489 352278.000000 2493993.000000 2543029.000000 2141715.000000 0.000000 0.000000 
155 300 547 621214.000000 4238236.000000 4307815.000000 3617022.000000 0.000000 0.000000 
205 400 504 757505.000000 5169400.000000 5258900.000000 4411895.000000 0.000000 0.000000 
110 200 567 829149.000000 4642464.000000 4698354.000000 3813315.000000 0.000000 0.000000 
210 400 587 1632778.000000 9150103.000000 9249084.000000 7517325.000000 0.000000 0.000000 
310 600 462 1891159.000000 11623519.000000 11731334.000000 9732360.000000 0.000000 0.000000 
410 800 1500 8013435.000000 49014288.000000 49143897.000000 41000853.000000 1.302981 17183.760917 
165 300 524 1621913.000000 8310081.000000 8417335.000000 6688168.000000 0.000000 0.000000 
315 600 767 4391406.000000 24913489.000000 25082691.000000 20522083.000000 0.000000 0.000000 
465 900 1500 14312060.000000 74207096.000000 74512977.000000 59895036.000000 20.606685 33800.498205 
615 1200 1500 18145593.000000 93382688.000000 93636943.000000 75237095.000000 0.025106 33111.572164 
220 400 537 3094686.000000 16064976.000000 16164751.000000 12970290.000000 0.000000 0.000000 
420 800 1500 15408846.000000 81188569.000000 81559031.000000 65779723.000000 22.394539 60831.483466 
620 1200 559 9137995.000000 48773077.000000 49514309.000000 39635082.000000 0.000000 0.000000 
820 1600 516 11115365.000000 58099631.000000 58451025.000000 46984266.000000 0.000000 0.000000 
10 16 374 26120.000000 152432.000000 184262.000000 126312.000000 0.000000 0.000000 
14 24 128 11917.000000 93344.000000 133667.000000 81427.000000 0.000000 0.000000 
18 32 322 36723.000000 253642.000000 283693.000000 216919.000000 0.000000 0.000000 
22 40 449 59802.000000 385929.000000 416360.000000 326127.000000 0.000000 0.000000 
15 24 276 27819.000000 175731.000000 206512.000000 147912.000000 0.000000 0.000000 
21 36 239 31710.000000 218579.000000 249594.000000 186869.000000 0.000000 0.000000 
27 48 102 16766.000000 123689.000000 154958.000000 106923.000000 0.000000 0.000000 
33 60 423 88321.000000 614108.000000 650584.000000 525787.000000 0.000000 0.000000 
20 32 191 55845.000000 210530.000000 241651.000000 154685.000000 0.000000 0.000000 
28 48 308 52581.000000 358868.000000 390266.000000 306287.000000 0.000000 0.000000 
36 64 338 85252.000000 626436.000000 659046.000000 541184.000000 0.000000 0.000000 
44 80 288 75904.000000 541657.000000 575969.000000 465753.000000 0.000000 0.000000 
25 40 356 61889.000000 426586.000000 464383.000000 364697.000000 0.000000 0.000000 
35 60 225 55213.000000 411317.000000 444248.000000 356104.000000 0.000000 0.000000 
45 80 332 109179.000000 729039.000000 766668.000000 619860.000000 0.000000 0.000000 
55 100 279 135638.000000 821614.000000 864905.000000 685976.000000 0.000000 0.000000 
55 100 339 170387.000000 1040559.000000 1090607.000000 870172.000000 0.000000 0.000000 
105 200 489 396233.000000 2678373.000000 2756376.000000 2282140.000000 0.000000 0.000000 
155 300 547 588146.000000 4258594.000000 4321390.000000 3670448.000000 0.000000 0.000000 
205 400 504 718264.000000 4961552.000000 5033423.000000 4243288.000000 0.000000 0.000000 
110 200 567 769154.000000 4327664.000000 4393200.000000 3558510.000000 0.000000 0.000000 
210 400 587 1666167.000000 9304762.000000 9392689.000000 7638595.000000 0.000000 0.000000 
310 600 462 1958919.000000 12065549.000000 12187349.000000 10106630.000000 0.000000 0.000000 
410 800 1500 7388176.000000 45056617.000000 45244883.000000 37668441.000000 1.302981 17183.760917 
165 300 524 1712858.000000 8927954.000000 9050761.000000 7215096.000000 0.000000 0.000000 
315 600 767 4600411.000000 26757163.000000 26947373.000000 22156752.000000 0.000000 0.000000 
465 900 1500 14502047.000000 72718369.000000 72896362.000000 58216322.000000 20.606685 33800.498205 
615 1200 1500 18191244.000000 94778639.000000 95054490.000000 76587395.000000 0.025106 33111.572164 
220 400 537 3031945.000000 15615451.000000 15880473.000000 12583506.000000 0.000000 0.000000 
420 800 1500 15732843.000000 82730497.000000 82968524.000000 66997654.000000 22.394539 60831.483466 
620 1200 559 9466902.000000 49485768.000000 49778706.000000 40018866.000000 0.000000 0.000000 
820 1600 516 11131154.000000 58966715.000000 59359458.000000 47835561.000000 0.000000 0.000000 
10 16 374 36765.000000 165041.000000 204569.000000 128276.000000 0.000000 0.000000 
14 24 128 11739.000000 81873.000000 111090.000000 70134.000000 0.000000 0.000000 
18 32 322 36777.000000 233403.000000 262352.000000 196626.000000 0.000000 0.000000 
22 40 449 59726.000000 386349.000000 417034.000000 326623.000000 0.000000 0.000000 
15 24 276 30320.000000 212249.000000 242759.000000 181929.000000 0.000000 0.000000 
21 36 239 32228.000000 212671.000000 244796.000000 180443.000000 0.000000 0.000000 
27 48 102 17219.000000 148433.000000 245177.000000 131214.000000 0.000000 0.000000 
33 60 423 80810.000000 542797.000000 576002.000000 461987.000000 0.000000 0.000000 
20 32 191 25215.000000 191646.000000 222226.000000 166431.000000 0.000000 0.000000 
28 48 308 52563.000000 378882.000000 410064.000000 326319.000000 0.000000 0.000000 
36 64 338 99226.000000 597417.000000 632963.000000 498191.000000 0.000000 0.000000 
44 80 288 92760.000000 671389.000000 826409.000000 578629.000000 0.000000 0.000000 
25 40 356 73106.000000 478605.000000 509795.000000 405499.000000 0.000000 0.000000 
35 60 225 54431.000000 363991.000000 398073.000000 309560.000000 0.000000 0.000000 
45 80 332 115527.000000 734900.000000 772192.000000 619373.000000 0.000000 0.000000 
55 100 279 131648.000000 844039.000000 884412.000000 712391.000000 0.000000 0.000000 
55 100 339 141422.000000 963741.000000 1002410.000000 822319.000000 0.000000 0.000000 
105 200 489 393549.000000 2730329.000000 2793042.000000 2336780.000000 0.000000 0.000000 
155 300 547 650650.000000 4280243.000000 4344594.000000 3629593.000000 0.000000 0.000000 
205 400 504 728752.000000 5189359.000000 5285069.000000 4460607.000000 0.000000 0.000000 
110 200 567 721538.000000 4297076.000000 4407148.000000 3575538.000000 0.000000 0.000000 
210 400 587 1556346.000000 8750913.000000 8854222.000000 7194567.000000 0.000000 0.000000 
310 600 462 1819263.000000 11246641.000000 11386033.000000 9427378.000000 0.000000 0.000000 
410 800 1500 7317088.000000 44537618.000000 44713265.000000 37220530.000000 1.302981 17183.760917 
165 300 524 1653376.000000 8544170.000000 8663569.000000 6890794.000000 0.000000 0.000000 
315 600 767 4343903.000000 24765541.000000 24887591.000000 20421638.000000 0.000000 0.000000 
465 900 1500 14160295.000000 70823691.000000 71025609.000000 56663396.000000 20.606685 33800.498205 
615 1200 1500 17863414.000000 92441621.000000 92625991.000000 74578207.000000 0.025106 33111.572164 
220 400 537 2946712.000000 15488952.000000 15638266.000000 12542240.000000 0.000000 0.000000 
420 800 1500 15315205.000000 80099577.000000 80347049.000000 64784372.000000 22.394539 60831.483466 
620 1200 559 9286037.000000 50174008.000000 50531060.000000 40887971.000000 0.000000 0.000000 
820 1600 516 10980429.000000 56241605.000000 56769008.000000 45261176.000000 0.000000 0.000000 
10 16 374 26204.000000 151775.000000 182124.000000 125571.000000 0.000000 0.000000 
14 24 128 12662.000000 103076.000000 157377.000000 90414.000000 0.000000 0.000000 
18 32 322 46682.000000 306954.000000 347101.000000 260272.000000 0.000000 0.000000 
22 40 449 59735.000000 390261.000000 430698.000000 330526.000000 0.000000 0.000000 
15 24 276 27791.000000 196788.000000 236992.000000 168997.000000 0.000000 0.000000 
21 36 239 31131.000000 204112.000000 234174.000000 172981.000000 0.000000 0.000000 
27 48 102 16744.000000 121794.000000 153153.000000 105050.000000 0.000000 0.000000 
33 60 423 81152.000000 573871.000000 607560.000000 492719.000000 0.000000 0.000000 
20 32 191 27306.000000 182230.000000 214837.000000 154924.000000 0.000000 0.000000 
28 48 308 52984.000000 387651.000000 419425.000000 334667.000000 0.000000 0.000000 
36 64 338 81658.000000 535404.000000 573585.000000 453746.000000 0.000000 0.000000 
44 80 288 75898.000000 544384.000000 578982.000000 468486.000000 0.000000 0.000000 
25 40 356 61174.000000 394731.000000 426312.000000 333557.000000 0.000000 0.000000 
35 60 225 54396.000000 364048.000000 397830.000000 309652.000000 0.000000 0.000000 
45 80 332 105757.000000 700223.000000 736532.000000 594466.000000 0.000000 0.000000 
55 100 279 116764.000000 803916.000000 843998.000000 687152.000000 0.000000 0.000000 
55 100 339 135960.000000 902849.000000 940933.000000 766889.000000 0.000000 0.000000 
105 200 489 348232.000000 2419068.000000 2471869.000000 2070836.000000 0.000000 0.000000 
155 300 547 605028.000000 4219763.000000 4281505.000000 3614735.000000 0.000000 0.000000 
205 400 504 730842.000000 5142397.000000 5209241.000000 4411555.000000 0.000000 0.000000 
110 200 567 770544.000000 4566797.000000 4700069.000000 3796253.000000 0.000000 0.000000 
210 400 587 1701376.000000 9719546.000000 9824307.000000 8018170.000000 0.000000 0.000000 
310 600 462 1767580.000000 10670655.000000 10820584.000000 8903075.000000 0.000000 0.000000 
410 800 1500 7538093.000000 46211105.000000 46369049.000000 38673012.000000 1.302981 17183.760917 
165 300 524 1698099.000000 8674698.000000 8794776.000000 6976599.000000 0.000000 0.000000 
315 600 767 4414306.000000 25251403.000000 25412911.000000 20837097.000000 0.000000 0.000000 
465 900 1500 14323394.000000 71844141.000000 72227502.000000 57520747.000000 20.606685 33800.498205 
615 1200 1500 18629021.000000 96755158.000000 96998205.000000 78126137.000000 0.025106 33111.572164 
220 400 537 2911510.000000 15142731.000000 15290731.000000 12231221.000000 0.000000 0.000000 
420 800 1500 15322102.000000 79858356.000000 80336883.000000 64536254.000000 22.394539 60831.483466 
620 1200 559 9096497.000000 48338265.000000 48621446.000000 39241768.000000 0.000000 0.000000 
820 1600 516 11347111.000000 59795753.000000 60174600.000000 48448642.000000 0.000000 0.000000 
10 16 374 25461.000000 147974.000000 177660.000000 122513.000000 0.000000 0.000000 
14 24 128 11880.000000 80694.000000 108703.000000 68814.000000 0.000000 0.000000 
18 32 322 36836.000000 260964.000000 289056.000000 224128.000000 0.000000 0.000000 
22 40 449 60139.000000 401417.000000 453433.000000 341278.000000 0.000000 0.000000 
15 24 276 28039.000000 198767.000000 230464.000000 170728.000000 0.000000 0.000000 
21 36 239 30983.000000 206394.000000 237144.000000 175411.000000 0.000000 0.000000 
27 48 102 16765.000000 133821.000000 175762.000000 117056.000000 0.000000 0.000000 
33 60 423 80535.000000 521252.000000 553290.000000 440717.000000 0.000000 0.000000 
20 32 191 25539.000000 190474.000000 219869.000000 164935.000000 0.000000 0.000000 
28 48 308 52568.000000 367755.000000 399233.000000 315187.000000 0.000000 0.000000 
36 64 338 72665.000000 495473.000000 527986.000000 422808.000000 0.000000 0.000000 
44 80 288 75370.000000 565258.000000 598701.000000 489888.000000 0.000000 0.000000 
25 40 356 65268.000000 429957.000000 463485.000000 364689.000000 0.000000 0.000000 
35 60 225 53116.000000 380481.000000 415645.000000 327365.000000 0.000000 0.000000 
45 80 332 115713.000000 768113.000000 802384.000000 652400.000000 0.000000 0.000000 
55 100 279 111807.000000 757746.000000 816317.000000 645939.000000 0.000000 0.000000 
55 100 339 135461.000000 956897.000000 999040.000000 821436.000000 0.000000 0.000000 
105 200 489 419788.000000 2844273.000000 2895110.000000 2424485.000000 0.000000 0.000000 
155 300 547 647518.000000 4457146.000000 4529417.000000 3809628.000000 0.000000 0.000000 
205 400 504 778108.000000 5292421.000000 5363957.000000 4514313.000000 0.000000 0.000000 
110 200 567 768079.000000 4546278.000000 4636038.000000 3778199.000000 0.000000 0.000000 
210 400 587 1608309.000000 8802987.000000 8895278.000000 7194678.000000 0.000000 0.000000 
310 600 462 1961666.000000 12203644.000000 12399855.000000 10241978.000000 0.000000 0.000000 
410 800 1500 8232002.000000 49880484.000000 50102377.000000 41648482.000000 1.302981 17183.760917 
165 300 524 1757028.000000 8816968.000000 8905737.000000 7059940.000000 0.000000 0.000000 
315 600 767 4425003.000000 25432966.000000 25595220.000000 21007963.000000 0.000000 0.000000 
465 900 1500 14409703.000000 72724702.000000 72904688.000000 58314999.000000 20.606685 33800.498205 
615 1200 1500 18685530.000000 97312842.000000 97652968.000000 78627312.000000 0.025106 33111.572164 
220 400 537 2960781.000000 15537467.000000 15659612.000000 12576686.000000 0.000000 0.000000 
420 800 1500 15802388.000000 83661352.000000 83880096.000000 67858964.000000 22.394539 60831.483466 
620 1200 559 9187329.000000 49989638.000000 50299581.000000 40802309.000000 0.000000 0.000000 
820 1600 516 10929780.000000 56197731.000000 56562580.000000 45267951.000000 0.000000 0.000000 
