10 16 374 14274.000000 154326.000000 208694.000000 140052.000000 0.000000 0.000000 
14 24 128 6271.000000 75134.000000 100422.000000 68863.000000 0.000000 0.000000 
18 32 322 20592.000000 207208.000000 235048.000000 186616.000000 0.000000 0.000000 
22 40 449 40622.000000 378383.000000 406726.000000 337761.000000 0.000000 0.000000 
15 24 276 15206.000000 160813.000000 187248.000000 145607.000000 0.000000 0.000000 
21 36 239 21497.000000 200051.000000 229691.000000 178554.000000 0.000000 0.000000 
27 48 102 15624.000000 118352.000000 149087.000000 102728.000000 0.000000 0.000000 
33 60 423 91081.000000 642044.000000 672279.000000 550963.000000 0.000000 0.000000 
20 32 191 16720.000000 155520.000000 183948.000000 138800.000000 0.000000 0.000000 
28 48 308 61743.000000 397246.000000 427556.000000 335503.000000 0.000000 0.000000 
36 64 338 95974.000000 589745.000000 621974.000000 493771.000000 0.000000 0.000000 
44 80 288 102371.000000 577834.000000 610195.000000 475463.000000 0.000000 0.000000 
25 40 356 55243.000000 457786.000000 487348.000000 402543.000000 0.000000 0.000000 
35 60 225 57663.000000 354214.000000 385558.000000 296551.000000 0.000000 0.000000 
45 80 332 133152.000000 769984.000000 805333.000000 636832.000000 0.000000 0.000000 
55 100 279 169286.000000 868219.000000 926262.000000 698933.000000 0.000000 0.000000 
55 100 339 192320.000000 943536.000000 980378.000000 751216.000000 0.000000 0.000000 
105 200 489 1168848.000000 3401738.000000 3445966.000000 2232890.000000 0.000000 0.000000 
155 300 547 2712507.000000 6380587.000000 6436315.000000 3668080.000000 0.000000 0.000000 
205 400 504 4308231.000000 8615590.000000 8682813.000000 4307359.000000 0.000000 0.000000 
110 200 567 1618697.000000 5466959.000000 5523602.000000 3848262.000000 0.000000 0.000000 
210 400 587 5733475.000000 13480367.000000 13584171.000000 7746892.000000 0.000000 0.000000 
310 600 462 9444048.000000 18433223.000000 18576950.000000 8989175.000000 0.000000 0.000000 
410 800 1500 55264743.000000 95353603.000000 95562661.000000 40088860.000000 1.302981 17183.760917 
165 300 524 3557499.000000 10642971.000000 10762801.000000 7085472.000000 0.000000 0.000000 
315 600 767 16826614.000000 37677201.000000 37836557.000000 20850587.000000 0.000000 0.000000 
465 900 1500 68281717.000000 125373566.000000 125605109.000000 57091849.000000 20.606685 33800.498205 
615 1200 1500 119449085.000000 201555451.000000 201912274.000000 82106366.000000 0.025106 33111.572164 
220 400 537 6234817.000000 18561238.000000 18822256.000000 12326421.000000 0.000000 0.000000 
420 800 1500 58348586.000000 128206081.000000 128497161.000000 69857495.000000 22.394539 60831.483450 
620 1200 559 48001934.000000 90789722.000000 91290891.000000 42787788.000000 0.000000 0.000000 
820 1600 516 70876713.000000 114591073.000000 115236300.000000 43714360.000000 0.000000 0.000000 
10 16 374 13321.000000 135830.000000 161341.000000 122509.000000 0.000000 0.000000 
14 24 128 6335.000000 94558.000000 118894.000000 88223.000000 0.000000 0.000000 
18 32 322 22490.000000 264716.000000 293838.000000 242226.000000 0.000000 0.000000 
22 40 449 49210.000000 361308.000000 411323.000000 312098.000000 0.000000 0.000000 
15 24 276 16142.000000 208728.000000 234853.000000 192586.000000 0.000000 0.000000 
21 36 239 20863.000000 188118.000000 217228.000000 167255.000000 0.000000 0.000000 
27 48 102 15184.000000 114706.000000 145059.000000 99522.000000 0.000000 0.000000 
33 60 423 93123.000000 591392.000000 621994.000000 498269.000000 0.000000 0.000000 
20 32 191 16194.000000 161918.000000 191163.000000 145724.000000 0.000000 0.000000 
28 48 308 63525.000000 445660.000000 476122.000000 382135.000000 0.000000 0.000000 
36 64 338 119457.000000 548522.000000 589806.000000 429065.000000 0.000000 0.000000 
44 80 288 106115.000000 590420.000000 634432.000000 484305.000000 0.000000 0.000000 
25 40 356 64157.000000 486277.000000 521617.000000 422120.000000 0.000000 0.000000 
35 60 225 85198.000000 421088.000000 453422.000000 335890.000000 0.000000 0.000000 
45 80 332 128715.000000 756901.000000 817596.000000 628186.000000 0.000000 0.000000 
55 100 279 189098.000000 844222.000000 881470.000000 655124.000000 0.000000 0.000000 
55 100 339 199501.000000 1011935.000000 1050895.000000 812434.000000 0.000000 0.000000 
105 200 489 1075928.000000 3198985.000000 3244208.000000 2123057.000000 0.000000 0.000000 
155 300 547 2707485.000000 6250260.000000 6314587.000000 3542775.000000 0.000000 0.000000 
205 400 504 4269573.000000 8547301.000000 8614990.000000 4277728.000000 0.000000 0.000000 
110 200 567 1514945.000000 5151552.000000 5211950.000000 3636607.000000 0.000000 0.000000 
210 400 587 5426949.000000 12697383.000000 12815970.000000 7270434.000000 0.000000 0.000000 
310 600 462 9384869.000000 18294332.000000 18444161.000000 8909463.000000 0.000000 0.000000 
410 800 1500 61325987.000000 108652427.000000 108839468.000000 47326440.000000 1.302981 17183.760917 
165 300 524 3288354.000000 10193655.000000 10273148.000000 6905301.000000 0.000000 0.000000 
315 600 767 16905114.000000 37743153.000000 37885661.000000 20838039.000000 0.000000 0.000000 
465 900 1500 69132086.000000 126834867.000000 127167559.000000 57702781.000000 20.606685 33800.498205 
615 1200 1500 116624876.000000 193021257.000000 193398711.000000 76396381.000000 0.025106 33111.572164 
220 400 537 6150191.000000 18611746.000000 18772110.000000 12461555.000000 0.000000 0.000000 
420 800 1500 62212752.000000 137969800.000000 138273827.000000 75757048.000000 22.394539 60831.483450 
620 1200 559 47581802.000000 86773795.000000 87227290.000000 39191993.000000 0.000000 0.000000 
820 1600 516 77438546.000000 128044818.000000 128659298.000000 50606272.000000 0.000000 0.000000 
10 16 374 13603.000000 139475.000000 165236.000000 125872.000000 0.000000 0.000000 
14 24 128 6162.000000 96694.000000 121767.000000 90532.000000 0.000000 0.000000 
18 32 322 31282.000000 231418.000000 259790.000000 200136.000000 0.000000 0.000000 
22 40 449 43126.000000 369031.000000 400942.000000 325905.000000 0.000000 0.000000 
15 24 276 15563.000000 159317.000000 185096.000000 143754.000000 0.000000 0.000000 
21 36 239 21981.000000 231473.000000 331672.000000 209492.000000 0.000000 0.000000 
27 48 102 15754.000000 129933.000000 160493.000000 114179.000000 0.000000 0.000000 
33 60 423 89394.000000 620023.000000 650076.000000 530629.000000 0.000000 0.000000 
20 32 191 16692.000000 165779.000000 203487.000000 149087.000000 0.000000 0.000000 
28 48 308 52561.000000 427314.000000 465798.000000 374753.000000 0.000000 0.000000 
36 64 338 95040.000000 586289.000000 632157.000000 491249.000000 0.000000 0.000000 
44 80 288 104657.000000 572647.000000 606438.000000 467990.000000 0.000000 0.000000 
25 40 356 54263.000000 398473.000000 430475.000000 344210.000000 0.000000 0.000000 
35 60 225 56169.000000 347573.000000 378371.000000 291404.000000 0.000000 0.000000 
45 80 332 152342.000000 843080.000000 889354.000000 690738.000000 0.000000 0.000000 
55 100 279 155952.000000 782210.000000 820108.000000 626258.000000 0.000000 0.000000 
55 100 339 208989.000000 1045639.000000 1113973.000000 836650.000000 0.000000 0.000000 
105 200 489 1182557.000000 3399838.000000 3445655.000000 2217281.000000 0.000000 0.000000 
155 300 547 2699645.000000 6212552.000000 6268010.000000 3512907.000000 0.000000 0.000000 
205 400 504 4207419.000000 8469595.000000 8562582.000000 4262176.000000 0.000000 0.000000 
110 200 567 1495351.000000 5004545.000000 5057573.000000 3509194.000000 0.000000 0.000000 
210 400 587 5779438.000000 13481992.000000 13575663.000000 7702554.000000 0.000000 0.000000 
310 600 462 9547414.000000 19226673.000000 19329667.000000 9679259.000000 0.000000 0.000000 
410 800 1500 52146431.000000 90918458.000000 91150622.000000 38772027.000000 1.302981 17183.760917 
165 300 524 3391922.000000 10666510.000000 10753511.000000 7274588.000000 0.000000 0.000000 
315 600 767 16601192.000000 37853694.000000 37993378.000000 21252502.000000 0.000000 0.000000 
465 900 1500 70309066.000000 129221397.000000 129469907.000000 58912331.000000 20.606685 33800.498205 
615 1200 1500 117292987.000000 193378820.000000 193840847.000000 76085833.000000 0.025106 33111.572164 
220 400 537 6146560.000000 18250141.000000 18381505.000000 12103581.000000 0.000000 0.000000 
420 800 1500 57488019.000000 131096314.000000 131350699.000000 73608295.000000 22.394539 60831.483450 
620 1200 559 46863899.000000 85721824.000000 86097249.000000 38857925.000000 0.000000 0.000000 
820 1600 516 72493143.000000 117664324.000000 118181166.000000 45171181.000000 0.000000 0.000000 
10 16 374 13541.000000 138829.000000 163748.000000 125288.000000 0.000000 0.000000 
14 24 128 6134.000000 74011.000000 118816.000000 67877.000000 0.000000 0.000000 
18 32 322 22480.000000 226158.000000 260051.000000 203678.000000 0.000000 0.000000 
22 40 449 38338.000000 394400.000000 439988.000000 356062.000000 0.000000 0.000000 
15 24 276 16053.000000 164607.000000 193310.000000 148554.000000 0.000000 0.000000 
21 36 239 22736.000000 274448.000000 335312.000000 251712.000000 0.000000 0.000000 
27 48 102 15270.000000 114399.000000 143093.000000 99129.000000 0.000000 0.000000 
33 60 423 107566.000000 635071.000000 665383.000000 527505.000000 0.000000 0.000000 
20 32 191 33045.000000 206760.000000 233857.000000 173715.000000 0.000000 0.000000 
28 48 308 52470.000000 465745.000000 495269.000000 413275.000000 0.000000 0.000000 
36 64 338 84374.000000 548035.000000 579663.000000 463661.000000 0.000000 0.000000 
44 80 288 102285.000000 582082.000000 613800.000000 479797.000000 0.000000 0.000000 
25 40 356 56392.000000 402171.000000 433702.000000 345779.000000 0.000000 0.000000 
35 60 225 57974.000000 379930.000000 468462.000000 321956.000000 0.000000 0.000000 
45 80 332 140141.000000 876742.000000 914123.000000 736601.000000 0.000000 0.000000 
55 100 279 168229.000000 891039.000000 928439.000000 722810.000000 0.000000 0.000000 
55 100 339 219578.000000 1025095.000000 1096782.000000 805517.000000 0.000000 0.000000 
105 200 489 1137687.000000 3382482.000000 3428120.000000 2244795.000000 0.000000 0.000000 
155 300 547 2814315.000000 6619773.000000 6703536.000000 3805458.000000 0.000000 0.000000 
205 400 504 4670380.000000 9329968.000000 9405135.000000 4659588.000000 0.000000 0.000000 
110 200 567 1611315.000000 5465735.000000 5523386.000000 3854420.000000 0.000000 0.000000 
210 400 587 5857672.000000 13880014.000000 13963399.000000 8022342.000000 0.000000 0.000000 
310 600 462 9354739.000000 18265363.000000 18384717.000000 8910624.000000 0.000000 0.000000 
410 800 1500 54861180.000000 96384363.000000 96609429.000000 41523183.000000 1.302981 17183.760917 
165 300 524 3308485.000000 10037569.000000 10160153.000000 6729084.000000 0.000000 0.000000 
315 600 767 16811273.000000 37274845.000000 37551743.000000 20463572.000000 0.000000 0.000000 
465 900 1500 68935816.000000 128372435.000000 128606275.000000 59436619.000000 20.606685 33800.498205 
615 1200 1500 117333856.000000 194021067.000000 194364163.000000 76687211.000000 0.025106 33111.572164 
220 400 537 6046337.000000 18172490.000000 18303599.000000 12126153.000000 0.000000 0.000000 
420 800 1500 58114604.000000 125579150.000000 125799109.000000 67464546.000000 22.394539 60831.483450 
620 1200 559 45109577.000000 81762918.000000 82085096.000000 36653341.000000 0.000000 0.000000 
820 1600 516 73385624.000000 119427449.000000 119961994.000000 46041825.000000 0.000000 0.000000 
