80 180 199 2258664.800000 2566722.800000 2736592.400000 308058.000000 0.000038 0.002135 
155 355 130 3928372.200000 4318836.000000 5018340.800000 390463.800000 0.000067 0.000576 
230 530 39 2407590.800000 2589833.800000 3825278.000000 182243.000000 0.000005 0.000009 
305 705 69 6579924.600000 6996165.000000 9762396.800000 416240.400000 0.000020 0.000215 
160 360 146 4610370.200000 5041830.800000 5724925.200000 431460.600000 0.000062 0.000942 
310 710 272 25638840.600000 27236597.000000 30036655.400000 1597756.400000 0.000528 0.020285 
460 1060 170 31363248.800000 32774981.000000 39566147.600000 1411732.200000 0.000189 0.002838 
610 1410 227 75627163.800000 78769662.200000 92482462.400000 3142498.400000 0.000709 0.009172 
240 540 30 2019406.200000 2169215.800000 3729444.400000 149809.600000 0.000003 0.000007 
465 1065 583 120891839.000000 126608711.400000 133802711.400000 5716872.400000 0.000175 0.024846 
690 1590 225 104064592.400000 107619562.200000 125446283.000000 3554969.800000 0.000158 0.003061 
915 2115 316 252262338.000000 259470847.200000 292080115.400000 7208509.200000 0.000338 0.007758 
320 720 202 22498806.600000 23829674.400000 26964425.000000 1330867.800000 0.000035 0.001158 
620 1420 193 76781945.200000 79672829.800000 94414340.800000 2890884.600000 0.001411 0.011614 
920 2120 93 85216538.200000 87523106.200000 122600317.400000 2306568.000000 0.000034 0.000181 
1220 2820 264 376526702.400000 384707526.800000 446973615.400000 8180824.400000 0.002698 0.073110 
10 18 30 32391.200000 44209.600000 66907.000000 11818.400000 0.000018 0.000102 
14 26 17 26560.400000 36774.000000 62080.800000 10213.600000 0.000000 0.000000 
18 34 24 49187.800000 63736.200000 91761.600000 14548.400000 0.000016 0.000034 
22 42 24 58929.400000 75360.600000 109879.000000 16431.200000 0.000003 0.000008 
15 27 31 51800.400000 67510.000000 94659.000000 15709.600000 0.000018 0.000073 
21 39 44 103403.000000 130621.800000 162145.600000 27218.800000 0.000011 0.000029 
27 51 78 285402.400000 341355.000000 397522.200000 55952.600000 0.000047 0.000693 
33 63 53 224044.400000 272760.800000 341048.600000 48716.400000 0.000005 0.000085 
20 36 26 60062.600000 74736.600000 107272.600000 14674.000000 0.000001 0.000004 
28 52 81 265280.400000 313282.800000 353321.200000 48002.400000 0.000012 0.000279 
36 68 32 195318.200000 224371.000000 277440.200000 29052.800000 0.000004 0.000032 
44 84 43 274689.600000 318091.800000 404647.000000 43402.200000 0.000013 0.000051 
25 45 17 53525.000000 66852.800000 104849.000000 13327.800000 0.000003 0.000005 
35 65 13 67571.000000 87710.000000 155189.800000 20139.000000 0.000002 0.000002 
45 85 181 1161522.200000 1327833.800000 1442867.400000 166311.600000 0.000043 0.003222 
55 105 126 1024444.400000 1159926.600000 1296493.200000 135482.200000 0.000015 0.000888 
10 22 30 32592.600000 46243.200000 69399.200000 13650.600000 0.000018 0.000102 
14 32 17 30365.000000 41774.000000 72715.800000 11409.000000 0.000000 0.000000 
18 42 24 49132.400000 65369.200000 94960.200000 16236.800000 0.000016 0.000034 
15 33 36 59385.400000 77994.800000 104915.200000 18609.400000 0.000020 0.000031 
21 48 31 74725.000000 94868.600000 127373.400000 20143.600000 0.000009 0.000012 
27 63 42 131887.400000 164407.600000 219469.400000 32520.200000 0.000007 0.000041 
20 44 14 33374.000000 44702.800000 83685.200000 11328.800000 0.000001 0.000003 
28 64 26 93905.400000 116122.000000 158638.000000 22216.600000 0.000004 0.000012 
36 84 28 127490.800000 153471.200000 202631.000000 25980.400000 0.000005 0.000011 
