80 180 199 237341.200000 532180.000000 584964.000000 294838.800000 0.000038 0.002135 
155 355 130 311800.800000 711543.600000 783954.400000 399742.800000 0.000067 0.000576 
230 530 39 164442.000000 341079.600000 421209.400000 176637.600000 0.000005 0.000009 
305 705 69 306505.000000 672219.400000 770632.200000 365714.400000 0.000020 0.000215 
160 360 146 594438.000000 1003208.200000 1098553.400000 408770.200000 0.000062 0.000942 
310 710 272 2132943.000000 3637849.800000 3807927.400000 1504906.800000 0.000528 0.020285 
460 1060 170 1972907.800000 3334315.800000 3519986.200000 1361408.000000 0.000189 0.002838 
610 1410 227 3601399.000000 6401978.000000 6647434.800000 2800579.000000 0.000709 0.009172 
240 540 30 266337.800000 382835.000000 513081.800000 116497.200000 0.000003 0.000007 
465 1065 583 10474715.400000 15709779.800000 16041862.400000 5235064.400000 0.000175 0.024846 
690 1590 225 5887823.400000 8728763.600000 9164725.000000 2840940.200000 0.000158 0.003061 
915 2115 316 10827976.200000 16453036.400000 17007574.600000 5625060.200000 0.000338 0.007758 
320 720 202 3172108.400000 4269998.800000 4536010.000000 1097890.400000 0.000035 0.001158 
620 1420 193 6214720.400000 8583227.600000 9135195.800000 2368507.200000 0.001411 0.011614 
920 2120 93 4622725.000000 6271130.000000 7092791.200000 1648405.000000 0.000034 0.000181 
1220 2820 264 16148168.200000 22155271.400000 23208045.800000 6007103.200000 0.002698 0.073110 
10 18 30 4700.200000 16102.200000 37743.600000 10598.000000 0.000018 0.000102 
14 26 17 3049.600000 14227.400000 38093.000000 11177.800000 0.000000 0.000000 
18 34 24 6562.400000 27435.000000 52559.800000 20872.600000 0.000016 0.000034 
22 42 24 5912.400000 24909.200000 47492.800000 18996.800000 0.000003 0.000008 
15 27 31 5908.000000 20624.000000 40642.400000 14716.000000 0.000018 0.000073 
21 39 44 12886.400000 35372.400000 55441.600000 22486.000000 0.000011 0.000029 
27 51 78 30379.600000 79659.600000 102627.200000 49280.000000 0.000047 0.000693 
33 63 53 25054.400000 62875.600000 87160.800000 37821.200000 0.000005 0.000085 
20 36 26 7365.400000 23310.600000 50188.200000 15945.200000 0.000001 0.000004 
28 52 81 34702.200000 74176.600000 99472.200000 39474.400000 0.000012 0.000279 
36 68 32 19673.000000 44242.800000 70073.600000 24569.800000 0.000004 0.000032 
44 84 43 31128.400000 66413.600000 91437.200000 35285.200000 0.000013 0.000051 
25 45 17 7532.800000 19096.000000 43881.400000 11563.200000 0.000003 0.000005 
35 65 13 11271.400000 24093.400000 48555.600000 12822.000000 0.000002 0.000002 
45 85 181 144980.000000 284169.800000 318595.000000 139189.800000 0.000043 0.003222 
55 105 126 119632.600000 239953.200000 267242.200000 120320.600000 0.000015 0.000888 
10 22 30 3706.200000 16284.000000 34411.400000 12577.800000 0.000018 0.000102 
14 32 17 4985.200000 15367.600000 47563.000000 10382.400000 0.000000 0.000000 
18 42 24 4754.000000 18643.000000 40635.600000 13889.000000 0.000016 0.000034 
15 33 36 7255.800000 22499.600000 44417.800000 15243.800000 0.000020 0.000031 
21 48 31 8710.800000 27656.400000 48578.600000 18945.600000 0.000009 0.000012 
27 63 42 14335.000000 43399.600000 72330.400000 29064.600000 0.000007 0.000041 
20 44 14 4076.800000 13228.800000 36071.600000 9152.000000 0.000001 0.000003 
28 64 26 14072.800000 37562.600000 72598.000000 23489.800000 0.000004 0.000012 
36 84 28 17075.800000 46486.600000 67800.600000 29410.800000 0.000005 0.000011 
