80 180 199 2013218.000000 2314849.200000 2391738.800000 301631.200000 0.000038 0.002135 
155 355 130 4794162.600000 5183884.200000 5310570.800000 389721.600000 0.000067 0.000576 
230 530 39 3356396.000000 3542439.400000 3732612.200000 186043.400000 0.000005 0.000009 
305 705 69 9926731.600000 10350941.600000 10784660.600000 424210.000000 0.000020 0.000215 
160 360 146 5952156.000000 6395882.000000 6536106.800000 443726.000000 0.000062 0.000942 
310 710 272 38249476.200000 39817192.200000 40318898.600000 1567716.000000 0.000528 0.020285 
460 1060 170 52973488.600000 54353449.400000 55355393.400000 1379960.800000 0.000189 0.002838 
610 1410 227 131727249.400000 134985100.200000 136653187.400000 3257850.800000 0.000709 0.009172 
240 540 30 2955815.800000 3105290.000000 3322152.600000 149474.200000 0.000003 0.000007 
465 1065 583 199234822.200000 204794150.200000 205824023.400000 5559328.000000 0.000175 0.024847 
690 1590 225 168830263.600000 172126462.200000 173703139.800000 3296198.600000 0.000158 0.003061 
915 2115 316 420287291.600000 426853003.600000 429772627.800000 6565712.000000 0.000338 0.007761 
320 720 202 31461740.600000 32615583.200000 33102818.800000 1153842.600000 0.000035 0.001158 
620 1420 193 134627838.200000 137686320.800000 139613461.400000 3058482.600000 0.001411 0.011614 
920 2120 93 140755892.000000 142842219.000000 145850156.200000 2086327.000000 0.000034 0.000181 
1220 2820 264 616833674.000000 623873809.800000 632844534.000000 7040135.800000 0.002698 0.073110 
10 18 30 5338.000000 15030.200000 34910.000000 9692.200000 0.000018 0.000102 
14 26 17 11541.200000 22355.400000 50070.800000 10814.200000 0.000000 0.000000 
18 34 24 17052.600000 28650.600000 53768.600000 11598.000000 0.000016 0.000034 
22 42 24 24500.800000 37667.200000 60819.000000 13166.400000 0.000003 0.000008 
15 27 31 14216.600000 26107.200000 44133.200000 11890.600000 0.000018 0.000073 
21 39 44 31202.400000 50613.200000 69927.000000 19410.800000 0.000011 0.000029 
27 51 78 121949.800000 173318.800000 216319.400000 51369.000000 0.000047 0.000693 
33 63 53 110871.600000 155288.400000 190417.400000 44416.800000 0.000005 0.000085 
20 36 26 18583.000000 31080.400000 51007.800000 12497.400000 0.000001 0.000004 
28 52 81 141330.800000 183417.000000 206481.000000 42086.200000 0.000012 0.000279 
36 68 32 97683.200000 122136.600000 144375.600000 24453.400000 0.000004 0.000032 
44 84 43 160029.400000 198403.600000 225812.000000 38374.200000 0.000013 0.000051 
25 45 17 26503.200000 36986.600000 56412.200000 10483.400000 0.000003 0.000005 
35 65 13 45151.600000 60423.400000 98936.800000 15271.800000 0.000002 0.000002 
45 85 181 711496.000000 853445.200000 899419.000000 141949.200000 0.000043 0.003222 
55 105 126 701928.800000 821616.000000 855013.800000 119687.200000 0.000015 0.000888 
10 22 30 5377.800000 17791.800000 38251.400000 12414.000000 0.000018 0.000102 
14 32 17 5979.200000 16382.400000 34705.200000 10403.200000 0.000000 0.000000 
18 42 24 16757.600000 40728.800000 62595.800000 23971.200000 0.000016 0.000034 
15 33 36 14831.800000 30695.400000 61503.200000 15863.600000 0.000020 0.000031 
21 48 31 28659.600000 45044.400000 66359.200000 16384.800000 0.000009 0.000012 
27 63 42 62868.400000 91711.800000 111950.800000 28843.400000 0.000007 0.000041 
20 44 14 11400.600000 20170.600000 40973.600000 8770.000000 0.000001 0.000003 
28 64 26 50567.200000 74635.200000 122314.600000 24068.000000 0.000004 0.000012 
36 84 28 81789.000000 110952.000000 159552.400000 29163.000000 0.000005 0.000011 
