80 180 199 308559.200000 627465.600000 664143.000000 318906.400000 0.000038 0.002135 
155 355 130 324492.000000 684759.400000 750876.200000 360267.400000 0.000067 0.000576 
230 530 39 165403.400000 322306.000000 372295.400000 156902.600000 0.000005 0.000009 
305 705 69 367718.200000 760269.800000 858342.000000 392551.600000 0.000020 0.000215 
160 360 146 628212.600000 1012872.000000 1069701.400000 384659.400000 0.000062 0.000942 
310 710 272 2524143.400000 3999270.200000 4113640.200000 1475126.800000 0.000528 0.020285 
460 1060 170 2243220.600000 3565378.600000 3655672.400000 1322158.000000 0.000189 0.002838 
610 1410 227 3714479.400000 6682457.600000 6851733.400000 2967978.200000 0.000709 0.009172 
240 540 30 313172.800000 432989.600000 504567.400000 119816.800000 0.000003 0.000007 
465 1065 583 10163210.800000 15399266.800000 15634153.200000 5236056.000000 0.000175 0.024846 
690 1590 225 6175342.600000 9069875.200000 9331321.600000 2894532.600000 0.000158 0.003061 
915 2115 316 12606619.400000 18509307.000000 18795268.400000 5902687.600000 0.000338 0.007758 
320 720 202 3172181.200000 4323903.200000 4498180.400000 1151722.000000 0.000035 0.001158 
620 1420 193 6047570.600000 8352764.000000 8533675.800000 2305193.400000 0.001411 0.011614 
920 2120 93 4771655.400000 6432105.400000 6660078.400000 1660450.000000 0.000034 0.000181 
1220 2820 264 17530193.800000 23807070.600000 24255572.400000 6276876.800000 0.002698 0.073110 
10 18 30 4927.000000 14870.800000 43990.800000 10154.000000 0.000018 0.000102 
14 26 17 4131.800000 13966.800000 46145.400000 9835.000000 0.000000 0.000000 
18 34 24 8593.000000 21095.200000 51610.200000 12502.200000 0.000016 0.000034 
22 42 24 9726.200000 24975.800000 53888.000000 15249.600000 0.000003 0.000008 
15 27 31 8261.800000 22416.000000 52762.600000 14154.200000 0.000018 0.000073 
21 39 44 14999.200000 39487.800000 71793.200000 24488.600000 0.000011 0.000029 
27 51 78 34929.600000 83579.000000 113694.000000 48649.400000 0.000047 0.000693 
33 63 53 27580.200000 63941.400000 93266.600000 36361.200000 0.000005 0.000085 
20 36 26 12762.400000 25438.200000 56919.200000 12675.800000 0.000001 0.000004 
28 52 81 43331.800000 88824.000000 121451.400000 45492.200000 0.000012 0.000279 
36 68 32 26945.200000 53807.200000 88801.800000 26862.000000 0.000004 0.000032 
44 84 43 40890.800000 76985.000000 113076.000000 36094.200000 0.000013 0.000051 
25 45 17 9116.200000 22496.800000 58827.600000 13380.600000 0.000003 0.000005 
35 65 13 10447.200000 24312.200000 59500.000000 13865.000000 0.000002 0.000002 
45 85 181 183387.600000 334909.200000 378046.000000 151521.600000 0.000043 0.003222 
55 105 126 153916.000000 270095.400000 300366.200000 116179.400000 0.000015 0.000888 
10 22 30 5138.200000 20310.600000 57619.400000 15172.400000 0.000018 0.000102 
14 32 17 3898.200000 12445.800000 39804.000000 8547.600000 0.000000 0.000000 
18 42 24 7229.800000 23613.000000 67278.400000 16383.200000 0.000016 0.000034 
15 33 36 11111.800000 28343.800000 56401.200000 17232.000000 0.000020 0.000031 
21 48 31 15066.800000 38389.800000 80837.800000 23323.000000 0.000009 0.000012 
27 63 42 21748.400000 61276.400000 93103.800000 39528.000000 0.000007 0.000041 
20 44 14 4981.400000 16317.400000 40836.600000 11336.000000 0.000001 0.000003 
28 64 26 16392.600000 38164.200000 68197.000000 21771.600000 0.000004 0.000012 
36 84 28 19905.000000 46074.200000 71962.400000 26169.200000 0.000005 0.000011 
